{"columns":[0,1,2,3,4,5,6,7,8,9,10,11,12,13,14,15,16,17,18,19,20,21,22,23,24,25,26,27,28,29,30,31,32,33,34,35,36,37,38,39,40,41,42,43,44,45,46,47,48,49],"index":[0,1,2,3,4,5,6,7,8,9,10,11,12,13,14,15,16,17,18,19,20,21,22,23,24,25,26,27,28,29,30,31,32,33,34,35,36,37,38,39,40,41,42,43,44,45,46,47,48,49],"data":[[-0.0438666503,-0.046764023,-0.0498531028,-0.0531400534,-0.0566292473,-0.0603226807,-0.0642192957,-0.068314217,-0.072597913,-0.0770553083,-0.0816648843,-0.086397825,-0.0912172819,-0.0960778488,-0.1009253549,-0.1056970872,-0.110322554,-0.1147248734,-0.1188228368,-0.122533632,-0.1257761352,-0.128474597,-0.1305624654,-0.1319860302,-0.1327075511,-0.1327075511,-0.1319860302,-0.1305624654,-0.128474597,-0.1257761352,-0.122533632,-0.1188228368,-0.1147248734,-0.110322554,-0.1056970872,-0.1009253549,-0.0960778488,-0.0912172819,-0.086397825,-0.0816648843,-0.0770553083,-0.072597913,-0.068314217,-0.0642192957,-0.0603226807,-0.0566292473,-0.0531400534,-0.0498531028,-0.046764023,-0.0438666503],[-0.046764023,-0.0499950887,-0.0534567364,-0.0571588856,-0.0611097044,-0.0653148983,-0.0697768628,-0.0744937,-0.0794581034,-0.0846561359,-0.0900659415,-0.0956564574,-0.1013862221,-0.1072024049,-0.1130402113,-0.1188228368,-0.1244621495,-0.1298602584,-0.1349120757,-0.139508895,-0.1435428887,-0.1469122926,-0.1495269051,-0.1513134231,-0.1522200804,-0.1522200804,-0.1513134231,-0.1495269051,-0.1469122926,-0.1435428887,-0.139508895,-0.1349120757,-0.1298602584,-0.1244621495,-0.1188228368,-0.1130402113,-0.1072024049,-0.1013862221,-0.0956564574,-0.0900659415,-0.0846561359,-0.0794581034,-0.0744937,-0.0697768628,-0.0653148983,-0.0611097044,-0.0571588856,-0.0534567364,-0.0499950887,-0.046764023],[-0.0498531028,-0.0534567364,-0.0573372693,-0.0615096593,-0.0659873093,-0.0707812224,-0.0758989635,-0.0813434114,-0.0871113001,-0.0931915607,-0.099563505,-0.1061949225,-0.1130402113,-0.1200387059,-0.1271134233,-0.1341704882,-0.1410995256,-0.1477753003,-0.1540608225,-0.1598120243,-0.1648839293,-0.1691380187,-0.1724502548,-0.1747190255,-0.1758721566,-0.1758721566,-0.1747190255,-0.1724502548,-0.1691380187,-0.1648839293,-0.1598120243,-0.1540608225,-0.1477753003,-0.1410995256,-0.1341704882,-0.1271134233,-0.1200387059,-0.1130402113,-0.1061949225,-0.099563505,-0.0931915607,-0.0871113001,-0.0813434114,-0.0758989635,-0.0707812224,-0.0659873093,-0.0615096593,-0.0573372693,-0.0534567364,-0.0498531028],[-0.0531400534,-0.0571588856,-0.0615096593,-0.0662140149,-0.0712924774,-0.076763481,-0.082642126,-0.0889386312,-0.0956564574,-0.1027900972,-0.110322554,-0.1182225833,-0.1264418305,-0.1349120757,-0.1435428887,-0.1522200804,-0.1608054087,-0.1691380187,-0.1770380432,-0.1843126387,-0.1907644656,-0.1962022541,-0.2004526867,-0.2033724489,-0.2048590568,-0.2048590568,-0.2033724489,-0.2004526867,-0.1962022541,-0.1907644656,-0.1843126387,-0.1770380432,-0.1691380187,-0.1608054087,-0.1522200804,-0.1435428887,-0.1349120757,-0.1264418305,-0.1182225833,-0.110322554,-0.1027900972,-0.0956564574,-0.0889386312,-0.082642126,-0.076763481,-0.0712924774,-0.0662140149,-0.0615096593,-0.0571588856,-0.0531400534],[-0.0566292473,-0.0611097044,-0.0659873093,-0.0712924774,-0.0770553083,-0.0833045065,-0.0900659415,-0.0973607805,-0.1052031319,-0.113597156,-0.122533632,-0.1319860302,-0.1419062221,-0.1522200804,-0.1628233649,-0.1735784552,-0.1843126387,-0.1948187637,-0.2048590568,-0.2141727251,-0.2224875813,-0.229535334,-0.2350694622,-0.2388838688,-0.2408300001,-0.2408300001,-0.2388838688,-0.2350694622,-0.229535334,-0.2224875813,-0.2141727251,-0.2048590568,-0.1948187637,-0.1843126387,-0.1735784552,-0.1628233649,-0.1522200804,-0.1419062221,-0.1319860302,-0.122533632,-0.113597156,-0.1052031319,-0.0973607805,-0.0900659415,-0.0833045065,-0.0770553083,-0.0712924774,-0.0659873093,-0.0611097044,-0.0566292473],[-0.0603226807,-0.0653148983,-0.0707812224,-0.076763481,-0.0833045065,-0.0904470165,-0.0982320261,-0.1066966806,-0.1158713869,-0.1257761352,-0.1364159279,-0.1477753003,-0.1598120243,-0.1724502548,-0.1855736071,-0.1990189363,-0.2125718935,-0.2259655968,-0.2388838688,-0.2509703523,-0.2618442871,-0.2711227867,-0.2784481609,-0.283517443,-0.2861101835,-0.2861101835,-0.283517443,-0.2784481609,-0.2711227867,-0.2618442871,-0.2509703523,-0.2388838688,-0.2259655968,-0.2125718935,-0.1990189363,-0.1855736071,-0.1724502548,-0.1598120243,-0.1477753003,-0.1364159279,-0.1257761352,-0.1158713869,-0.1066966806,-0.0982320261,-0.0904470165,-0.0833045065,-0.076763481,-0.0707812224,-0.0653148983,-0.0603226807],[-0.0642192957,-0.0697768628,-0.0758989635,-0.082642126,-0.0900659415,-0.0982320261,-0.1072024049,-0.1170371385,-0.1277909873,-0.139508895,-0.1522200804,-0.1659305851,-0.1806142427,-0.1962022541,-0.2125718935,-0.229535334,-0.2468301541,-0.2641136736,-0.2809637082,-0.2968883789,-0.3113470065,-0.3237826483,-0.3336645428,-0.3405360065,-0.3440609329,-0.3440609329,-0.3405360065,-0.3336645428,-0.3237826483,-0.3113470065,-0.2968883789,-0.2809637082,-0.2641136736,-0.2468301541,-0.229535334,-0.2125718935,-0.1962022541,-0.1806142427,-0.1659305851,-0.1522200804,-0.139508895,-0.1277909873,-0.1170371385,-0.1072024049,-0.0982320261,-0.0900659415,-0.082642126,-0.0758989635,-0.0697768628,-0.0642192957],[-0.068314217,-0.0744937,-0.0813434114,-0.0889386312,-0.0973607805,-0.1066966806,-0.1170371385,-0.1284745971,-0.1410995256,-0.1549951668,-0.1702302184,-0.186849038,-0.2048590568,-0.2242153318,-0.244802623,-0.266416097,-0.2887427707,-0.3113470065,-0.3336645428,-0.3550102199,-0.374604149,-0.3916189644,-0.4052467614,-0.4147788976,-0.4196865076,-0.4196865076,-0.4147788976,-0.4052467614,-0.3916189644,-0.374604149,-0.3550102199,-0.3336645428,-0.3113470065,-0.2887427707,-0.266416097,-0.244802623,-0.2242153318,-0.2048590568,-0.186849038,-0.1702302184,-0.1549951668,-0.1410995256,-0.1284745971,-0.1170371385,-0.1066966806,-0.0973607805,-0.0889386312,-0.0813434114,-0.0744937,-0.068314217],[-0.072597913,-0.0794581034,-0.0871113001,-0.0956564574,-0.1052031319,-0.1158713869,-0.1277909873,-0.1410995256,-0.1559390033,-0.1724502548,-0.1907644656,-0.2109909347,-0.233200221,-0.2574019974,-0.283517443,-0.3113470065,-0.3405360065,-0.3705428298,-0.4006171755,-0.4297981523,-0.4569427906,-0.4807930798,-0.5000827757,-0.5136742833,-0.5207037046,-0.5207037046,-0.5136742833,-0.5000827757,-0.4807930798,-0.4569427906,-0.4297981523,-0.4006171755,-0.3705428298,-0.3405360065,-0.3113470065,-0.283517443,-0.2574019974,-0.233200221,-0.2109909347,-0.1907644656,-0.1724502548,-0.1559390033,-0.1410995256,-0.1277909873,-0.1158713869,-0.1052031319,-0.0956564574,-0.0871113001,-0.0794581034,-0.072597913],[-0.0770553083,-0.0846561359,-0.0931915607,-0.1027900972,-0.113597156,-0.1257761352,-0.139508895,-0.1549951668,-0.1724502548,-0.1921001315,-0.2141727251,-0.2388838688,-0.266416097,-0.2968883789,-0.3303152075,-0.3665545804,-0.4052467614,-0.4457496997,-0.4870826163,-0.5278956572,-0.5664882769,-0.6008982448,-0.6290725837,-0.6491097029,-0.6595330772,-0.6595330772,-0.6491097029,-0.6290725837,-0.6008982448,-0.5664882769,-0.5278956572,-0.4870826163,-0.4457496997,-0.4052467614,-0.3665545804,-0.3303152075,-0.2968883789,-0.266416097,-0.2388838688,-0.2141727251,-0.1921001315,-0.1724502548,-0.1549951668,-0.139508895,-0.1257761352,-0.113597156,-0.1027900972,-0.0931915607,-0.0846561359,-0.0770553083],[-0.0816648843,-0.0900659415,-0.099563505,-0.110322554,-0.122533632,-0.1364159279,-0.1522200804,-0.1702302184,-0.1907644656,-0.2141727251,-0.2408300001,-0.2711227867,-0.3054252324,-0.3440609329,-0.387245781,-0.4350078176,-0.4870826163,-0.5427887155,-0.6008982448,-0.6595330772,-0.7161331942,-0.7675529189,-0.8103291783,-0.8411230241,-0.8572650018,-0.8572650018,-0.8411230241,-0.8103291783,-0.7675529189,-0.7161331942,-0.6595330772,-0.6008982448,-0.5427887155,-0.4870826163,-0.4350078176,-0.387245781,-0.3440609329,-0.3054252324,-0.2711227867,-0.2408300001,-0.2141727251,-0.1907644656,-0.1702302184,-0.1522200804,-0.1364159279,-0.122533632,-0.110322554,-0.099563505,-0.0900659415,-0.0816648843],[-0.086397825,-0.0956564574,-0.1061949225,-0.1182225833,-0.1319860302,-0.1477753003,-0.1659305851,-0.186849038,-0.2109909347,-0.2388838688,-0.2711227867,-0.3083623731,-0.3512965036,-0.4006171755,-0.4569427906,-0.5207037046,-0.5919734328,-0.6702401149,-0.7541295696,-0.8411230241,-0.9273587095,-1.0076525168,-1.0758835227,-1.1258179129,-1.1522686839,-1.1522686839,-1.1258179129,-1.0758835227,-1.0076525168,-0.9273587095,-0.8411230241,-0.7541295696,-0.6702401149,-0.5919734328,-0.5207037046,-0.4569427906,-0.4006171755,-0.3512965036,-0.3083623731,-0.2711227867,-0.2388838688,-0.2109909347,-0.186849038,-0.1659305851,-0.1477753003,-0.1319860302,-0.1182225833,-0.1061949225,-0.0956564574,-0.086397825],[-0.0912172819,-0.1013862221,-0.1130402113,-0.1264418305,-0.1419062221,-0.1598120243,-0.1806142427,-0.2048590568,-0.233200221,-0.266416097,-0.3054252324,-0.3512965036,-0.4052467614,-0.4686141769,-0.5427887155,-0.6290725837,-0.728435017,-0.8411230241,-0.9661046906,-1.1003739607,-1.2382560769,-1.3710177517,-1.4872322746,-1.5743038568,-1.6211297846,-1.6211297846,-1.5743038568,-1.4872322746,-1.3710177517,-1.2382560769,-1.1003739607,-0.9661046906,-0.8411230241,-0.728435017,-0.6290725837,-0.5427887155,-0.4686141769,-0.4052467614,-0.3512965036,-0.3054252324,-0.266416097,-0.233200221,-0.2048590568,-0.1806142427,-0.1598120243,-0.1419062221,-0.1264418305,-0.1130402113,-0.1013862221,-0.0912172819],[-0.0960778488,-0.1072024049,-0.1200387059,-0.1349120757,-0.1522200804,-0.1724502548,-0.1962022541,-0.2242153318,-0.2574019974,-0.2968883789,-0.3440609329,-0.4006171755,-0.4686141769,-0.5505011829,-0.6491097029,-0.7675529189,-0.9089541182,-1.0758835227,-1.2693513938,-1.4872322746,-1.7221810499,-1.9595733365,-2.1767545852,-2.3454352975,-2.4383253972,-2.4383253972,-2.3454352975,-2.1767545852,-1.9595733365,-1.7221810499,-1.4872322746,-1.2693513938,-1.0758835227,-0.9089541182,-0.7675529189,-0.6491097029,-0.5505011829,-0.4686141769,-0.4006171755,-0.3440609329,-0.2968883789,-0.2574019974,-0.2242153318,-0.1962022541,-0.1724502548,-0.1522200804,-0.1349120757,-0.1200387059,-0.1072024049,-0.0960778488],[-0.1009253549,-0.1130402113,-0.1271134233,-0.1435428887,-0.1628233649,-0.1855736071,-0.2125718935,-0.244802623,-0.283517443,-0.3303152075,-0.387245781,-0.4569427906,-0.5427887155,-0.6491097029,-0.7813821354,-0.9463984449,-1.1522686839,-1.4080007843,-1.7221810499,-2.0999914247,-2.5376684441,-3.0142080252,-3.4828633022,-3.8701069853,-4.0925798204,-4.0925798204,-3.8701069853,-3.4828633022,-3.0142080252,-2.5376684441,-2.0999914247,-1.7221810499,-1.4080007843,-1.1522686839,-0.9463984449,-0.7813821354,-0.6491097029,-0.5427887155,-0.4569427906,-0.387245781,-0.3303152075,-0.283517443,-0.244802623,-0.2125718935,-0.1855736071,-0.1628233649,-0.1435428887,-0.1271134233,-0.1130402113,-0.1009253549],[-0.1056970872,-0.1188228368,-0.1341704882,-0.1522200804,-0.1735784552,-0.1990189363,-0.229535334,-0.266416097,-0.3113470065,-0.3665545804,-0.4350078176,-0.5207037046,-0.6290725837,-0.7675529189,-0.9463984449,-1.1797835055,-1.4872322746,-1.8952265427,-2.4383253972,-3.1577741401,-4.0925798204,-5.2531662959,-6.5663347323,-7.8045674342,-8.5888423653,-8.5888423653,-7.8045674342,-6.5663347323,-5.2531662959,-4.0925798204,-3.1577741401,-2.4383253972,-1.8952265427,-1.4872322746,-1.1797835055,-0.9463984449,-0.7675529189,-0.6290725837,-0.5207037046,-0.4350078176,-0.3665545804,-0.3113470065,-0.266416097,-0.229535334,-0.1990189363,-0.1735784552,-0.1522200804,-0.1341704882,-0.1188228368,-0.1056970872],[-0.110322554,-0.1244621495,-0.1410995256,-0.1608054087,-0.1843126387,-0.2125718935,-0.2468301541,-0.2887427707,-0.3405360065,-0.4052467614,-0.4870826163,-0.5919734328,-0.728435017,-0.9089541182,-1.1522686839,-1.4872322746,-1.9595733365,-2.6441233808,-3.6677018296,-5.2531662959,-7.8045674342,-12.0585381836,-19.2348858292,-30.3733305507,-41.8330169325,-41.8330169325,-30.3733305507,-19.2348858292,-12.0585381836,-7.8045674342,-5.2531662959,-3.6677018296,-2.6441233808,-1.9595733365,-1.4872322746,-1.1522686839,-0.9089541182,-0.728435017,-0.5919734328,-0.4870826163,-0.4052467614,-0.3405360065,-0.2887427707,-0.2468301541,-0.2125718935,-0.1843126387,-0.1608054087,-0.1410995256,-0.1244621495,-0.110322554],[-0.1147248734,-0.1298602584,-0.1477753003,-0.1691380187,-0.1948187637,-0.2259655968,-0.2641136736,-0.3113470065,-0.3705428298,-0.4457496997,-0.5427887155,-0.6702401149,-0.8411230241,-1.0758835227,-1.4080007843,-1.8952265427,-2.6441233808,-3.8701069853,-6.0700582273,-10.6584222461,-23.645612138,-142.4141255632,68.2241756568,36.5592720875,29.9760111772,29.9760111772,36.5592720875,68.2241756568,-142.4141255632,-23.645612138,-10.6584222461,-6.0700582273,-3.8701069853,-2.6441233808,-1.8952265427,-1.4080007843,-1.0758835227,-0.8411230241,-0.6702401149,-0.5427887155,-0.4457496997,-0.3705428298,-0.3113470065,-0.2641136736,-0.2259655968,-0.1948187637,-0.1691380187,-0.1477753003,-0.1298602584,-0.1147248734],[-0.1188228368,-0.1349120757,-0.1540608225,-0.1770380432,-0.2048590568,-0.2388838688,-0.2809637082,-0.3336645428,-0.4006171755,-0.4870826163,-0.6008982448,-0.7541295696,-0.9661046906,-1.2693513938,-1.7221810499,-2.4383253972,-3.6677018296,-6.0700582273,-12.0585381836,-41.8330169325,68.2241756568,25.5253977614,17.965114719,15.1556419852,14.0906596442,14.0906596442,15.1556419852,17.965114719,25.5253977614,68.2241756568,-41.8330169325,-12.0585381836,-6.0700582273,-3.6677018296,-2.4383253972,-1.7221810499,-1.2693513938,-0.9661046906,-0.7541295696,-0.6008982448,-0.4870826163,-0.4006171755,-0.3336645428,-0.2809637082,-0.2388838688,-0.2048590568,-0.1770380432,-0.1540608225,-0.1349120757,-0.1188228368],[-0.122533632,-0.139508895,-0.1598120243,-0.1843126387,-0.2141727251,-0.2509703523,-0.2968883789,-0.3550102199,-0.4297981523,-0.5278956572,-0.6595330772,-0.8411230241,-1.1003739607,-1.4872322746,-2.0999914247,-3.1577741401,-5.2531662959,-10.6584222461,-41.8330169325,47.3261449883,19.8752948099,14.0906596442,11.7195866102,10.587115079,10.1113429426,10.1113429426,10.587115079,11.7195866102,14.0906596442,19.8752948099,47.3261449883,-41.8330169325,-10.6584222461,-5.2531662959,-3.1577741401,-2.0999914247,-1.4872322746,-1.1003739607,-0.8411230241,-0.6595330772,-0.5278956572,-0.4297981523,-0.3550102199,-0.2968883789,-0.2509703523,-0.2141727251,-0.1843126387,-0.1598120243,-0.139508895,-0.122533632],[-0.1257761352,-0.1435428887,-0.1648839293,-0.1907644656,-0.2224875813,-0.2618442871,-0.3113470065,-0.374604149,-0.4569427906,-0.5664882769,-0.7161331942,-0.9273587095,-1.2382560769,-1.7221810499,-2.5376684441,-4.0925798204,-7.8045674342,-23.645612138,68.2241756568,19.8752948099,13.1836934316,10.587115079,9.2963737191,8.6229540429,8.3280341405,8.3280341405,8.6229540429,9.2963737191,10.587115079,13.1836934316,19.8752948099,68.2241756568,-23.645612138,-7.8045674342,-4.0925798204,-2.5376684441,-1.7221810499,-1.2382560769,-0.9273587095,-0.7161331942,-0.5664882769,-0.4569427906,-0.374604149,-0.3113470065,-0.2618442871,-0.2224875813,-0.1907644656,-0.1648839293,-0.1435428887,-0.1257761352],[-0.1284745971,-0.1469122926,-0.1691380187,-0.1962022541,-0.229535334,-0.2711227867,-0.3237826483,-0.3916189644,-0.4807930798,-0.6008982448,-0.7675529189,-1.0076525168,-1.3710177517,-1.9595733365,-3.0142080252,-5.2531662959,-12.0585381836,-142.4141255632,25.5253977614,14.0906596442,10.587115079,8.9444402535,8.0564372385,7.5726989877,7.3562602765,7.3562602765,7.5726989877,8.0564372385,8.9444402535,10.587115079,14.0906596442,25.5253977614,-142.4141255632,-12.0585381836,-5.2531662959,-3.0142080252,-1.9595733365,-1.3710177517,-1.0076525168,-0.7675529189,-0.6008982448,-0.4807930798,-0.3916189644,-0.3237826483,-0.2711227867,-0.229535334,-0.1962022541,-0.1691380187,-0.1469122926,-0.1284745971],[-0.1305624654,-0.1495269051,-0.1724502548,-0.2004526867,-0.2350694622,-0.2784481609,-0.3336645428,-0.4052467614,-0.5000827757,-0.6290725837,-0.8103291783,-1.0758835227,-1.4872322746,-2.1767545852,-3.4828633022,-6.5663347323,-19.2348858292,68.2241756568,17.965114719,11.7195866102,9.2963737191,8.0564372385,7.3562602765,6.9656906767,6.7888124407,6.7888124407,6.9656906767,7.3562602765,8.0564372385,9.2963737191,11.7195866102,17.965114719,68.2241756568,-19.2348858292,-6.5663347323,-3.4828633022,-2.1767545852,-1.4872322746,-1.0758835227,-0.8103291783,-0.6290725837,-0.5000827757,-0.4052467614,-0.3336645428,-0.2784481609,-0.2350694622,-0.2004526867,-0.1724502548,-0.1495269051,-0.1305624654],[-0.1319860302,-0.1513134231,-0.1747190255,-0.2033724489,-0.2388838688,-0.283517443,-0.3405360065,-0.4147788976,-0.5136742833,-0.6491097029,-0.8411230241,-1.1258179129,-1.5743038568,-2.3454352975,-3.8701069853,-7.8045674342,-30.3733305507,36.5592720875,15.1556419852,10.587115079,8.6229540429,7.5726989877,6.9656906767,6.6226644228,6.4662686297,6.4662686297,6.6226644228,6.9656906767,7.5726989877,8.6229540429,10.587115079,15.1556419852,36.5592720875,-30.3733305507,-7.8045674342,-3.8701069853,-2.3454352975,-1.5743038568,-1.1258179129,-0.8411230241,-0.6491097029,-0.5136742833,-0.4147788976,-0.3405360065,-0.283517443,-0.2388838688,-0.2033724489,-0.1747190255,-0.1513134231,-0.1319860302],[-0.1327075511,-0.1522200804,-0.1758721566,-0.2048590568,-0.2408300001,-0.2861101835,-0.3440609329,-0.4196865076,-0.5207037046,-0.6595330772,-0.8572650018,-1.1522686839,-1.6211297846,-2.4383253972,-4.0925798204,-8.5888423653,-41.8330169325,29.9760111772,14.0906596442,10.1113429426,8.3280341405,7.3562602765,6.7888124407,6.4662686297,6.3187636256,6.3187636256,6.4662686297,6.7888124407,7.3562602765,8.3280341405,10.1113429426,14.0906596442,29.9760111772,-41.8330169325,-8.5888423653,-4.0925798204,-2.4383253972,-1.6211297846,-1.1522686839,-0.8572650018,-0.6595330772,-0.5207037046,-0.4196865076,-0.3440609329,-0.2861101835,-0.2408300001,-0.2048590568,-0.1758721566,-0.1522200804,-0.1327075511],[-0.1327075511,-0.1522200804,-0.1758721566,-0.2048590568,-0.2408300001,-0.2861101835,-0.3440609329,-0.4196865076,-0.5207037046,-0.6595330772,-0.8572650018,-1.1522686839,-1.6211297846,-2.4383253972,-4.0925798204,-8.5888423653,-41.8330169325,29.9760111772,14.0906596442,10.1113429426,8.3280341405,7.3562602765,6.7888124407,6.4662686297,6.3187636256,6.3187636256,6.4662686297,6.7888124407,7.3562602765,8.3280341405,10.1113429426,14.0906596442,29.9760111772,-41.8330169325,-8.5888423653,-4.0925798204,-2.4383253972,-1.6211297846,-1.1522686839,-0.8572650018,-0.6595330772,-0.5207037046,-0.4196865076,-0.3440609329,-0.2861101835,-0.2408300001,-0.2048590568,-0.1758721566,-0.1522200804,-0.1327075511],[-0.1319860302,-0.1513134231,-0.1747190255,-0.2033724489,-0.2388838688,-0.283517443,-0.3405360065,-0.4147788976,-0.5136742833,-0.6491097029,-0.8411230241,-1.1258179129,-1.5743038568,-2.3454352975,-3.8701069853,-7.8045674342,-30.3733305507,36.5592720875,15.1556419852,10.587115079,8.6229540429,7.5726989877,6.9656906767,6.6226644228,6.4662686297,6.4662686297,6.6226644228,6.9656906767,7.5726989877,8.6229540429,10.587115079,15.1556419852,36.5592720875,-30.3733305507,-7.8045674342,-3.8701069853,-2.3454352975,-1.5743038568,-1.1258179129,-0.8411230241,-0.6491097029,-0.5136742833,-0.4147788976,-0.3405360065,-0.283517443,-0.2388838688,-0.2033724489,-0.1747190255,-0.1513134231,-0.1319860302],[-0.1305624654,-0.1495269051,-0.1724502548,-0.2004526867,-0.2350694622,-0.2784481609,-0.3336645428,-0.4052467614,-0.5000827757,-0.6290725837,-0.8103291783,-1.0758835227,-1.4872322746,-2.1767545852,-3.4828633022,-6.5663347323,-19.2348858292,68.2241756568,17.965114719,11.7195866102,9.2963737191,8.0564372385,7.3562602765,6.9656906767,6.7888124407,6.7888124407,6.9656906767,7.3562602765,8.0564372385,9.2963737191,11.7195866102,17.965114719,68.2241756568,-19.2348858292,-6.5663347323,-3.4828633022,-2.1767545852,-1.4872322746,-1.0758835227,-0.8103291783,-0.6290725837,-0.5000827757,-0.4052467614,-0.3336645428,-0.2784481609,-0.2350694622,-0.2004526867,-0.1724502548,-0.1495269051,-0.1305624654],[-0.1284745971,-0.1469122926,-0.1691380187,-0.1962022541,-0.229535334,-0.2711227867,-0.3237826483,-0.3916189644,-0.4807930798,-0.6008982448,-0.7675529189,-1.0076525168,-1.3710177517,-1.9595733365,-3.0142080252,-5.2531662959,-12.0585381836,-142.4141255632,25.5253977614,14.0906596442,10.587115079,8.9444402535,8.0564372385,7.5726989877,7.3562602765,7.3562602765,7.5726989877,8.0564372385,8.9444402535,10.587115079,14.0906596442,25.5253977614,-142.4141255632,-12.0585381836,-5.2531662959,-3.0142080252,-1.9595733365,-1.3710177517,-1.0076525168,-0.7675529189,-0.6008982448,-0.4807930798,-0.3916189644,-0.3237826483,-0.2711227867,-0.229535334,-0.1962022541,-0.1691380187,-0.1469122926,-0.1284745971],[-0.1257761352,-0.1435428887,-0.1648839293,-0.1907644656,-0.2224875813,-0.2618442871,-0.3113470065,-0.374604149,-0.4569427906,-0.5664882769,-0.7161331942,-0.9273587095,-1.2382560769,-1.7221810499,-2.5376684441,-4.0925798204,-7.8045674342,-23.645612138,68.2241756568,19.8752948099,13.1836934316,10.587115079,9.2963737191,8.6229540429,8.3280341405,8.3280341405,8.6229540429,9.2963737191,10.587115079,13.1836934316,19.8752948099,68.2241756568,-23.645612138,-7.8045674342,-4.0925798204,-2.5376684441,-1.7221810499,-1.2382560769,-0.9273587095,-0.7161331942,-0.5664882769,-0.4569427906,-0.374604149,-0.3113470065,-0.2618442871,-0.2224875813,-0.1907644656,-0.1648839293,-0.1435428887,-0.1257761352],[-0.122533632,-0.139508895,-0.1598120243,-0.1843126387,-0.2141727251,-0.2509703523,-0.2968883789,-0.3550102199,-0.4297981523,-0.5278956572,-0.6595330772,-0.8411230241,-1.1003739607,-1.4872322746,-2.0999914247,-3.1577741401,-5.2531662959,-10.6584222461,-41.8330169325,47.3261449883,19.8752948099,14.0906596442,11.7195866102,10.587115079,10.1113429426,10.1113429426,10.587115079,11.7195866102,14.0906596442,19.8752948099,47.3261449883,-41.8330169325,-10.6584222461,-5.2531662959,-3.1577741401,-2.0999914247,-1.4872322746,-1.1003739607,-0.8411230241,-0.6595330772,-0.5278956572,-0.4297981523,-0.3550102199,-0.2968883789,-0.2509703523,-0.2141727251,-0.1843126387,-0.1598120243,-0.139508895,-0.122533632],[-0.1188228368,-0.1349120757,-0.1540608225,-0.1770380432,-0.2048590568,-0.2388838688,-0.2809637082,-0.3336645428,-0.4006171755,-0.4870826163,-0.6008982448,-0.7541295696,-0.9661046906,-1.2693513938,-1.7221810499,-2.4383253972,-3.6677018296,-6.0700582273,-12.0585381836,-41.8330169325,68.2241756568,25.5253977614,17.965114719,15.1556419852,14.0906596442,14.0906596442,15.1556419852,17.965114719,25.5253977614,68.2241756568,-41.8330169325,-12.0585381836,-6.0700582273,-3.6677018296,-2.4383253972,-1.7221810499,-1.2693513938,-0.9661046906,-0.7541295696,-0.6008982448,-0.4870826163,-0.4006171755,-0.3336645428,-0.2809637082,-0.2388838688,-0.2048590568,-0.1770380432,-0.1540608225,-0.1349120757,-0.1188228368],[-0.1147248734,-0.1298602584,-0.1477753003,-0.1691380187,-0.1948187637,-0.2259655968,-0.2641136736,-0.3113470065,-0.3705428298,-0.4457496997,-0.5427887155,-0.6702401149,-0.8411230241,-1.0758835227,-1.4080007843,-1.8952265427,-2.6441233808,-3.8701069853,-6.0700582273,-10.6584222461,-23.645612138,-142.4141255632,68.2241756568,36.5592720875,29.9760111772,29.9760111772,36.5592720875,68.2241756568,-142.4141255632,-23.645612138,-10.6584222461,-6.0700582273,-3.8701069853,-2.6441233808,-1.8952265427,-1.4080007843,-1.0758835227,-0.8411230241,-0.6702401149,-0.5427887155,-0.4457496997,-0.3705428298,-0.3113470065,-0.2641136736,-0.2259655968,-0.1948187637,-0.1691380187,-0.1477753003,-0.1298602584,-0.1147248734],[-0.110322554,-0.1244621495,-0.1410995256,-0.1608054087,-0.1843126387,-0.2125718935,-0.2468301541,-0.2887427707,-0.3405360065,-0.4052467614,-0.4870826163,-0.5919734328,-0.728435017,-0.9089541182,-1.1522686839,-1.4872322746,-1.9595733365,-2.6441233808,-3.6677018296,-5.2531662959,-7.8045674342,-12.0585381836,-19.2348858292,-30.3733305507,-41.8330169325,-41.8330169325,-30.3733305507,-19.2348858292,-12.0585381836,-7.8045674342,-5.2531662959,-3.6677018296,-2.6441233808,-1.9595733365,-1.4872322746,-1.1522686839,-0.9089541182,-0.728435017,-0.5919734328,-0.4870826163,-0.4052467614,-0.3405360065,-0.2887427707,-0.2468301541,-0.2125718935,-0.1843126387,-0.1608054087,-0.1410995256,-0.1244621495,-0.110322554],[-0.1056970872,-0.1188228368,-0.1341704882,-0.1522200804,-0.1735784552,-0.1990189363,-0.229535334,-0.266416097,-0.3113470065,-0.3665545804,-0.4350078176,-0.5207037046,-0.6290725837,-0.7675529189,-0.9463984449,-1.1797835055,-1.4872322746,-1.8952265427,-2.4383253972,-3.1577741401,-4.0925798204,-5.2531662959,-6.5663347323,-7.8045674342,-8.5888423653,-8.5888423653,-7.8045674342,-6.5663347323,-5.2531662959,-4.0925798204,-3.1577741401,-2.4383253972,-1.8952265427,-1.4872322746,-1.1797835055,-0.9463984449,-0.7675529189,-0.6290725837,-0.5207037046,-0.4350078176,-0.3665545804,-0.3113470065,-0.266416097,-0.229535334,-0.1990189363,-0.1735784552,-0.1522200804,-0.1341704882,-0.1188228368,-0.1056970872],[-0.1009253549,-0.1130402113,-0.1271134233,-0.1435428887,-0.1628233649,-0.1855736071,-0.2125718935,-0.244802623,-0.283517443,-0.3303152075,-0.387245781,-0.4569427906,-0.5427887155,-0.6491097029,-0.7813821354,-0.9463984449,-1.1522686839,-1.4080007843,-1.7221810499,-2.0999914247,-2.5376684441,-3.0142080252,-3.4828633022,-3.8701069853,-4.0925798204,-4.0925798204,-3.8701069853,-3.4828633022,-3.0142080252,-2.5376684441,-2.0999914247,-1.7221810499,-1.4080007843,-1.1522686839,-0.9463984449,-0.7813821354,-0.6491097029,-0.5427887155,-0.4569427906,-0.387245781,-0.3303152075,-0.283517443,-0.244802623,-0.2125718935,-0.1855736071,-0.1628233649,-0.1435428887,-0.1271134233,-0.1130402113,-0.1009253549],[-0.0960778488,-0.1072024049,-0.1200387059,-0.1349120757,-0.1522200804,-0.1724502548,-0.1962022541,-0.2242153318,-0.2574019974,-0.2968883789,-0.3440609329,-0.4006171755,-0.4686141769,-0.5505011829,-0.6491097029,-0.7675529189,-0.9089541182,-1.0758835227,-1.2693513938,-1.4872322746,-1.7221810499,-1.9595733365,-2.1767545852,-2.3454352975,-2.4383253972,-2.4383253972,-2.3454352975,-2.1767545852,-1.9595733365,-1.7221810499,-1.4872322746,-1.2693513938,-1.0758835227,-0.9089541182,-0.7675529189,-0.6491097029,-0.5505011829,-0.4686141769,-0.4006171755,-0.3440609329,-0.2968883789,-0.2574019974,-0.2242153318,-0.1962022541,-0.1724502548,-0.1522200804,-0.1349120757,-0.1200387059,-0.1072024049,-0.0960778488],[-0.0912172819,-0.1013862221,-0.1130402113,-0.1264418305,-0.1419062221,-0.1598120243,-0.1806142427,-0.2048590568,-0.233200221,-0.266416097,-0.3054252324,-0.3512965036,-0.4052467614,-0.4686141769,-0.5427887155,-0.6290725837,-0.728435017,-0.8411230241,-0.9661046906,-1.1003739607,-1.2382560769,-1.3710177517,-1.4872322746,-1.5743038568,-1.6211297846,-1.6211297846,-1.5743038568,-1.4872322746,-1.3710177517,-1.2382560769,-1.1003739607,-0.9661046906,-0.8411230241,-0.728435017,-0.6290725837,-0.5427887155,-0.4686141769,-0.4052467614,-0.3512965036,-0.3054252324,-0.266416097,-0.233200221,-0.2048590568,-0.1806142427,-0.1598120243,-0.1419062221,-0.1264418305,-0.1130402113,-0.1013862221,-0.0912172819],[-0.086397825,-0.0956564574,-0.1061949225,-0.1182225833,-0.1319860302,-0.1477753003,-0.1659305851,-0.186849038,-0.2109909347,-0.2388838688,-0.2711227867,-0.3083623731,-0.3512965036,-0.4006171755,-0.4569427906,-0.5207037046,-0.5919734328,-0.6702401149,-0.7541295696,-0.8411230241,-0.9273587095,-1.0076525168,-1.0758835227,-1.1258179129,-1.1522686839,-1.1522686839,-1.1258179129,-1.0758835227,-1.0076525168,-0.9273587095,-0.8411230241,-0.7541295696,-0.6702401149,-0.5919734328,-0.5207037046,-0.4569427906,-0.4006171755,-0.3512965036,-0.3083623731,-0.2711227867,-0.2388838688,-0.2109909347,-0.186849038,-0.1659305851,-0.1477753003,-0.1319860302,-0.1182225833,-0.1061949225,-0.0956564574,-0.086397825],[-0.0816648843,-0.0900659415,-0.099563505,-0.110322554,-0.122533632,-0.1364159279,-0.1522200804,-0.1702302184,-0.1907644656,-0.2141727251,-0.2408300001,-0.2711227867,-0.3054252324,-0.3440609329,-0.387245781,-0.4350078176,-0.4870826163,-0.5427887155,-0.6008982448,-0.6595330772,-0.7161331942,-0.7675529189,-0.8103291783,-0.8411230241,-0.8572650018,-0.8572650018,-0.8411230241,-0.8103291783,-0.7675529189,-0.7161331942,-0.6595330772,-0.6008982448,-0.5427887155,-0.4870826163,-0.4350078176,-0.387245781,-0.3440609329,-0.3054252324,-0.2711227867,-0.2408300001,-0.2141727251,-0.1907644656,-0.1702302184,-0.1522200804,-0.1364159279,-0.122533632,-0.110322554,-0.099563505,-0.0900659415,-0.0816648843],[-0.0770553083,-0.0846561359,-0.0931915607,-0.1027900972,-0.113597156,-0.1257761352,-0.139508895,-0.1549951668,-0.1724502548,-0.1921001315,-0.2141727251,-0.2388838688,-0.266416097,-0.2968883789,-0.3303152075,-0.3665545804,-0.4052467614,-0.4457496997,-0.4870826163,-0.5278956572,-0.5664882769,-0.6008982448,-0.6290725837,-0.6491097029,-0.6595330772,-0.6595330772,-0.6491097029,-0.6290725837,-0.6008982448,-0.5664882769,-0.5278956572,-0.4870826163,-0.4457496997,-0.4052467614,-0.3665545804,-0.3303152075,-0.2968883789,-0.266416097,-0.2388838688,-0.2141727251,-0.1921001315,-0.1724502548,-0.1549951668,-0.139508895,-0.1257761352,-0.113597156,-0.1027900972,-0.0931915607,-0.0846561359,-0.0770553083],[-0.072597913,-0.0794581034,-0.0871113001,-0.0956564574,-0.1052031319,-0.1158713869,-0.1277909873,-0.1410995256,-0.1559390033,-0.1724502548,-0.1907644656,-0.2109909347,-0.233200221,-0.2574019974,-0.283517443,-0.3113470065,-0.3405360065,-0.3705428298,-0.4006171755,-0.4297981523,-0.4569427906,-0.4807930798,-0.5000827757,-0.5136742833,-0.5207037046,-0.5207037046,-0.5136742833,-0.5000827757,-0.4807930798,-0.4569427906,-0.4297981523,-0.4006171755,-0.3705428298,-0.3405360065,-0.3113470065,-0.283517443,-0.2574019974,-0.233200221,-0.2109909347,-0.1907644656,-0.1724502548,-0.1559390033,-0.1410995256,-0.1277909873,-0.1158713869,-0.1052031319,-0.0956564574,-0.0871113001,-0.0794581034,-0.072597913],[-0.068314217,-0.0744937,-0.0813434114,-0.0889386312,-0.0973607805,-0.1066966806,-0.1170371385,-0.1284745971,-0.1410995256,-0.1549951668,-0.1702302184,-0.186849038,-0.2048590568,-0.2242153318,-0.244802623,-0.266416097,-0.2887427707,-0.3113470065,-0.3336645428,-0.3550102199,-0.374604149,-0.3916189644,-0.4052467614,-0.4147788976,-0.4196865076,-0.4196865076,-0.4147788976,-0.4052467614,-0.3916189644,-0.374604149,-0.3550102199,-0.3336645428,-0.3113470065,-0.2887427707,-0.266416097,-0.244802623,-0.2242153318,-0.2048590568,-0.186849038,-0.1702302184,-0.1549951668,-0.1410995256,-0.1284745971,-0.1170371385,-0.1066966806,-0.0973607805,-0.0889386312,-0.0813434114,-0.0744937,-0.068314217],[-0.0642192957,-0.0697768628,-0.0758989635,-0.082642126,-0.0900659415,-0.0982320261,-0.1072024049,-0.1170371385,-0.1277909873,-0.139508895,-0.1522200804,-0.1659305851,-0.1806142427,-0.1962022541,-0.2125718935,-0.229535334,-0.2468301541,-0.2641136736,-0.2809637082,-0.2968883789,-0.3113470065,-0.3237826483,-0.3336645428,-0.3405360065,-0.3440609329,-0.3440609329,-0.3405360065,-0.3336645428,-0.3237826483,-0.3113470065,-0.2968883789,-0.2809637082,-0.2641136736,-0.2468301541,-0.229535334,-0.2125718935,-0.1962022541,-0.1806142427,-0.1659305851,-0.1522200804,-0.139508895,-0.1277909873,-0.1170371385,-0.1072024049,-0.0982320261,-0.0900659415,-0.082642126,-0.0758989635,-0.0697768628,-0.0642192957],[-0.0603226807,-0.0653148983,-0.0707812224,-0.076763481,-0.0833045065,-0.0904470165,-0.0982320261,-0.1066966806,-0.1158713869,-0.1257761352,-0.1364159279,-0.1477753003,-0.1598120243,-0.1724502548,-0.1855736071,-0.1990189363,-0.2125718935,-0.2259655968,-0.2388838688,-0.2509703523,-0.2618442871,-0.2711227867,-0.2784481609,-0.283517443,-0.2861101835,-0.2861101835,-0.283517443,-0.2784481609,-0.2711227867,-0.2618442871,-0.2509703523,-0.2388838688,-0.2259655968,-0.2125718935,-0.1990189363,-0.1855736071,-0.1724502548,-0.1598120243,-0.1477753003,-0.1364159279,-0.1257761352,-0.1158713869,-0.1066966806,-0.0982320261,-0.0904470165,-0.0833045065,-0.076763481,-0.0707812224,-0.0653148983,-0.0603226807],[-0.0566292473,-0.0611097044,-0.0659873093,-0.0712924774,-0.0770553083,-0.0833045065,-0.0900659415,-0.0973607805,-0.1052031319,-0.113597156,-0.122533632,-0.1319860302,-0.1419062221,-0.1522200804,-0.1628233649,-0.1735784552,-0.1843126387,-0.1948187637,-0.2048590568,-0.2141727251,-0.2224875813,-0.229535334,-0.2350694622,-0.2388838688,-0.2408300001,-0.2408300001,-0.2388838688,-0.2350694622,-0.229535334,-0.2224875813,-0.2141727251,-0.2048590568,-0.1948187637,-0.1843126387,-0.1735784552,-0.1628233649,-0.1522200804,-0.1419062221,-0.1319860302,-0.122533632,-0.113597156,-0.1052031319,-0.0973607805,-0.0900659415,-0.0833045065,-0.0770553083,-0.0712924774,-0.0659873093,-0.0611097044,-0.0566292473],[-0.0531400534,-0.0571588856,-0.0615096593,-0.0662140149,-0.0712924774,-0.076763481,-0.082642126,-0.0889386312,-0.0956564574,-0.1027900972,-0.110322554,-0.1182225833,-0.1264418305,-0.1349120757,-0.1435428887,-0.1522200804,-0.1608054087,-0.1691380187,-0.1770380432,-0.1843126387,-0.1907644656,-0.1962022541,-0.2004526867,-0.2033724489,-0.2048590568,-0.2048590568,-0.2033724489,-0.2004526867,-0.1962022541,-0.1907644656,-0.1843126387,-0.1770380432,-0.1691380187,-0.1608054087,-0.1522200804,-0.1435428887,-0.1349120757,-0.1264418305,-0.1182225833,-0.110322554,-0.1027900972,-0.0956564574,-0.0889386312,-0.082642126,-0.076763481,-0.0712924774,-0.0662140149,-0.0615096593,-0.0571588856,-0.0531400534],[-0.0498531028,-0.0534567364,-0.0573372693,-0.0615096593,-0.0659873093,-0.0707812224,-0.0758989635,-0.0813434114,-0.0871113001,-0.0931915607,-0.099563505,-0.1061949225,-0.1130402113,-0.1200387059,-0.1271134233,-0.1341704882,-0.1410995256,-0.1477753003,-0.1540608225,-0.1598120243,-0.1648839293,-0.1691380187,-0.1724502548,-0.1747190255,-0.1758721566,-0.1758721566,-0.1747190255,-0.1724502548,-0.1691380187,-0.1648839293,-0.1598120243,-0.1540608225,-0.1477753003,-0.1410995256,-0.1341704882,-0.1271134233,-0.1200387059,-0.1130402113,-0.1061949225,-0.099563505,-0.0931915607,-0.0871113001,-0.0813434114,-0.0758989635,-0.0707812224,-0.0659873093,-0.0615096593,-0.0573372693,-0.0534567364,-0.0498531028],[-0.046764023,-0.0499950887,-0.0534567364,-0.0571588856,-0.0611097044,-0.0653148983,-0.0697768628,-0.0744937,-0.0794581034,-0.0846561359,-0.0900659415,-0.0956564574,-0.1013862221,-0.1072024049,-0.1130402113,-0.1188228368,-0.1244621495,-0.1298602584,-0.1349120757,-0.139508895,-0.1435428887,-0.1469122926,-0.1495269051,-0.1513134231,-0.1522200804,-0.1522200804,-0.1513134231,-0.1495269051,-0.1469122926,-0.1435428887,-0.139508895,-0.1349120757,-0.1298602584,-0.1244621495,-0.1188228368,-0.1130402113,-0.1072024049,-0.1013862221,-0.0956564574,-0.0900659415,-0.0846561359,-0.0794581034,-0.0744937,-0.0697768628,-0.0653148983,-0.0611097044,-0.0571588856,-0.0534567364,-0.0499950887,-0.046764023],[-0.0438666503,-0.046764023,-0.0498531028,-0.0531400534,-0.0566292473,-0.0603226807,-0.0642192957,-0.068314217,-0.072597913,-0.0770553083,-0.0816648843,-0.086397825,-0.0912172819,-0.0960778488,-0.1009253549,-0.1056970872,-0.110322554,-0.1147248734,-0.1188228368,-0.122533632,-0.1257761352,-0.128474597,-0.1305624654,-0.1319860302,-0.1327075511,-0.1327075511,-0.1319860302,-0.1305624654,-0.128474597,-0.1257761352,-0.122533632,-0.1188228368,-0.1147248734,-0.110322554,-0.1056970872,-0.1009253549,-0.0960778488,-0.0912172819,-0.086397825,-0.0816648843,-0.0770553083,-0.072597913,-0.068314217,-0.0642192957,-0.0603226807,-0.0566292473,-0.0531400534,-0.0498531028,-0.046764023,-0.0438666503]]}