{"columns":[0,1,2,3,4,5,6,7,8,9,10,11,12,13,14,15,16,17,18,19,20,21,22,23,24,25,26,27,28,29,30,31,32,33,34,35,36,37,38,39,40,41,42,43,44,45,46,47,48,49],"index":[0,1,2,3,4,5,6,7,8,9,10,11,12,13,14,15,16,17,18,19,20,21,22,23,24,25,26,27,28,29,30,31,32,33,34,35,36,37,38,39,40,41,42,43,44,45,46,47,48,49],"data":[[-0.1100367387,-0.1163768083,-0.1230396607,-0.130023307,-0.137321094,-0.1449208386,-0.1528039249,-0.1609443953,-0.1693080774,-0.1778518016,-0.1865227735,-0.1952581742,-0.2039850689,-0.2126207023,-0.221073253,-0.2292431048,-0.2370246653,-0.2443087315,-0.2509853559,-0.2569471243,-0.262092707,-0.2663305037,-0.2695821713,-0.2717858087,-0.2728985795,-0.2728985795,-0.2717858087,-0.2695821713,-0.2663305037,-0.262092707,-0.2569471243,-0.2509853559,-0.2443087315,-0.2370246653,-0.2292431048,-0.221073253,-0.2126207023,-0.2039850689,-0.1952581742,-0.1865227735,-0.1778518016,-0.1693080774,-0.1609443953,-0.1528039249,-0.1449208386,-0.137321094,-0.130023307,-0.1230396607,-0.1163768083,-0.1100367387],[-0.1163768083,-0.1233435649,-0.1306905123,-0.1384187028,-0.1465240273,-0.1549961429,-0.1638173304,-0.172961318,-0.1823921213,-0.1920629643,-0.2019153628,-0.2118784651,-0.2218687549,-0.2317902249,-0.2415351229,-0.2509853559,-0.2600146065,-0.2684911743,-0.2762814978,-0.2832542524,-0.2892848541,-0.2942601356,-0.2980829193,-0.3006761785,-0.3019864867,-0.3019864867,-0.3006761785,-0.2980829193,-0.2942601356,-0.2892848541,-0.2832542524,-0.2762814978,-0.2684911743,-0.2600146065,-0.2509853559,-0.2415351229,-0.2317902249,-0.2218687549,-0.2118784651,-0.2019153628,-0.1920629643,-0.1823921213,-0.172961318,-0.1638173304,-0.1549961429,-0.1465240273,-0.1384187028,-0.1306905123,-0.1233435649,-0.1163768083],[-0.1230396607,-0.1306905123,-0.1387877868,-0.1473365959,-0.1563364054,-0.1657797159,-0.1756506315,-0.185923354,-0.1965606608,-0.2075124435,-0.2187144093,-0.2300870652,-0.2415351229,-0.2529474693,-0.2641978455,-0.2751463566,-0.2856419025,-0.2955255623,-0.3046349004,-0.3128090752,-0.3198945454,-0.3257510806,-0.3302577099,-0.3333181942,-0.334865601,-0.334865601,-0.3333181942,-0.3302577099,-0.3257510806,-0.3198945454,-0.3128090752,-0.3046349004,-0.2955255623,-0.2856419025,-0.2751463566,-0.2641978455,-0.2529474693,-0.2415351229,-0.2300870652,-0.2187144093,-0.2075124435,-0.1965606608,-0.185923354,-0.1756506315,-0.1657797159,-0.1563364054,-0.1473365959,-0.1387877868,-0.1306905123,-0.1230396607],[-0.130023307,-0.1384187028,-0.1473365959,-0.1567873965,-0.1667754213,-0.1772972881,-0.1883401382,-0.1998797299,-0.2118784651,-0.2242834433,-0.2370246653,-0.2500135394,-0.2631418666,-0.2762814978,-0.2892848541,-0.3019864867,-0.3142058101,-0.3257510806,-0.3364246082,-0.3460290853,-0.354374797,-0.3612873549,-0.3666154792,-0.3702382666,-0.3720713436,-0.3720713436,-0.3702382666,-0.3666154792,-0.3612873549,-0.354374797,-0.3460290853,-0.3364246082,-0.3257510806,-0.3142058101,-0.3019864867,-0.2892848541,-0.2762814978,-0.2631418666,-0.2500135394,-0.2370246653,-0.2242834433,-0.2118784651,-0.1998797299,-0.1883401382,-0.1772972881,-0.1667754213,-0.1567873965,-0.1473365959,-0.1384187028,-0.130023307],[-0.137321094,-0.1465240273,-0.1563364054,-0.1667754213,-0.1778518016,-0.1895678698,-0.2019153628,-0.214873042,-0.2284041688,-0.2424539533,-0.2569471243,-0.2717858087,-0.2868479467,-0.3019864867,-0.3170296173,-0.3317822693,-0.3460290853,-0.3595389824,-0.3720713436,-0.3833837521,-0.393241038,-0.4014252334,-0.4077458433,-0.4120496639,-0.414229266,-0.414229266,-0.4120496639,-0.4077458433,-0.4014252334,-0.393241038,-0.3833837521,-0.3720713436,-0.3595389824,-0.3460290853,-0.3317822693,-0.3170296173,-0.3019864867,-0.2868479467,-0.2717858087,-0.2569471243,-0.2424539533,-0.2284041688,-0.214873042,-0.2019153628,-0.1895678698,-0.1778518016,-0.1667754213,-0.1563364054,-0.1465240273,-0.137321094],[-0.1449208386,-0.1549961429,-0.1657797159,-0.1772972881,-0.1895678698,-0.2026014406,-0.216396296,-0.2309360914,-0.2461866565,-0.262092707,-0.2785746282,-0.2955255623,-0.3128090752,-0.3302577099,-0.3476727443,-0.3648254519,-0.3814601262,-0.3972990688,-0.4120496639,-0.4254135617,-0.4370978435,-0.4468278148,-0.4543607544,-0.4594995788,-0.4621050529,-0.4621050529,-0.4594995788,-0.4543607544,-0.4468278148,-0.4370978435,-0.4254135617,-0.4120496639,-0.3972990688,-0.3814601262,-0.3648254519,-0.3476727443,-0.3302577099,-0.3128090752,-0.2955255623,-0.2785746282,-0.262092707,-0.2461866565,-0.2309360914,-0.216396296,-0.2026014406,-0.1895678698,-0.1772972881,-0.1657797159,-0.1549961429,-0.1449208386],[-0.1528039249,-0.1638173304,-0.1756506315,-0.1883401382,-0.2019153628,-0.216396296,-0.2317902249,-0.2480881243,-0.2652607041,-0.2832542524,-0.3019864867,-0.3213426863,-0.3411724381,-0.3612873549,-0.3814601262,-0.4014252334,-0.4208816232,-0.4394976062,-0.4569182599,-0.4727756294,-0.4867019771,-0.4983460883,-0.5073920964,-0.5135794565,-0.5167217946,-0.5167217946,-0.5135794565,-0.5073920964,-0.4983460883,-0.4867019771,-0.4727756294,-0.4569182599,-0.4394976062,-0.4208816232,-0.4014252334,-0.3814601262,-0.3612873549,-0.3411724381,-0.3213426863,-0.3019864867,-0.2832542524,-0.2652607041,-0.2480881243,-0.2317902249,-0.216396296,-0.2019153628,-0.1883401382,-0.1756506315,-0.1638173304,-0.1528039249],[-0.1609443953,-0.172961318,-0.185923354,-0.1998797299,-0.214873042,-0.2309360914,-0.2480881243,-0.2663305037,-0.2856419025,-0.3059731851,-0.3272422284,-0.3493290101,-0.3720713436,-0.3952616372,-0.4186450083,-0.4419189928,-0.4647350323,-0.4867019771,-0.5073920964,-0.5263505175,-0.5431094131,-0.5572082193,-0.5682202493,-0.5757841167,-0.5796358798,-0.5796358798,-0.5757841167,-0.5682202493,-0.5572082193,-0.5431094131,-0.5263505175,-0.5073920964,-0.4867019771,-0.4647350323,-0.4419189928,-0.4186450083,-0.3952616372,-0.3720713436,-0.3493290101,-0.3272422284,-0.3059731851,-0.2856419025,-0.2663305037,-0.2480881243,-0.2309360914,-0.214873042,-0.1998797299,-0.185923354,-0.172961318,-0.1609443953],[-0.1693080774,-0.1823921213,-0.1965606608,-0.2118784651,-0.2284041688,-0.2461866565,-0.2652607041,-0.2856419025,-0.3073209765,-0.3302577099,-0.354374797,-0.3795520212,-0.4056211758,-0.4323620496,-0.4594995788,-0.4867019771,-0.5135794565,-0.5396833209,-0.5645060552,-0.5874846136,-0.6080109823,-0.6254551156,-0.6392039909,-0.6487159127,-0.6535822066,-0.6535822066,-0.6487159127,-0.6392039909,-0.6254551156,-0.6080109823,-0.5874846136,-0.5645060552,-0.5396833209,-0.5135794565,-0.4867019771,-0.4594995788,-0.4323620496,-0.4056211758,-0.3795520212,-0.354374797,-0.3302577099,-0.3073209765,-0.2856419025,-0.2652607041,-0.2461866565,-0.2284041688,-0.2118784651,-0.1965606608,-0.1823921213,-0.1693080774],[-0.1778518016,-0.1920629643,-0.2075124435,-0.2242834433,-0.2424539533,-0.262092707,-0.2832542524,-0.3059731851,-0.3302577099,-0.3560828484,-0.3833837521,-0.4120496639,-0.4419189928,-0.4727756294,-0.504345957,-0.5362951082,-0.5682202493,-0.5996388118,-0.6299716021,-0.6585252208,-0.6844844762,-0.7069305438,-0.7248997365,-0.7374869831,-0.7439785268,-0.7439785268,-0.7374869831,-0.7248997365,-0.7069305438,-0.6844844762,-0.6585252208,-0.6299716021,-0.5996388118,-0.5682202493,-0.5362951082,-0.504345957,-0.4727756294,-0.4419189928,-0.4120496639,-0.3833837521,-0.3560828484,-0.3302577099,-0.3059731851,-0.2832542524,-0.262092707,-0.2424539533,-0.2242834433,-0.2075124435,-0.1920629643,-0.1778518016],[-0.1865227735,-0.2019153628,-0.2187144093,-0.2370246653,-0.2569471243,-0.2785746282,-0.3019864867,-0.3272422284,-0.354374797,-0.3833837521,-0.414229266,-0.4468278148,-0.4810502158,-0.5167217946,-0.5536227169,-0.5914839438,-0.6299716021,-0.6686516592,-0.7069305438,-0.7439785268,-0.7786610561,-0.8095222157,-0.8348699816,-0.8529896131,-0.8624565862,-0.8624565862,-0.8529896131,-0.8348699816,-0.8095222157,-0.7786610561,-0.7439785268,-0.7069305438,-0.6686516592,-0.6299716021,-0.5914839438,-0.5536227169,-0.5167217946,-0.4810502158,-0.4468278148,-0.414229266,-0.3833837521,-0.354374797,-0.3272422284,-0.3019864867,-0.2785746282,-0.2569471243,-0.2370246653,-0.2187144093,-0.2019153628,-0.1865227735],[-0.1952581742,-0.2118784651,-0.2300870652,-0.2500135394,-0.2717858087,-0.2955255623,-0.3213426863,-0.3493290101,-0.3795520212,-0.4120496639,-0.4468278148,-0.4838622783,-0.5231067119,-0.5645060552,-0.6080109823,-0.6535822066,-0.7011651746,-0.7506096994,-0.8015131263,-0.8529896131,-0.9034175149,-0.9502806874,-0.9902599482,-1.0196914668,-1.0353568631,-1.0353568631,-1.0196914668,-0.9902599482,-0.9502806874,-0.9034175149,-0.8529896131,-0.8015131263,-0.7506096994,-0.7011651746,-0.6535822066,-0.6080109823,-0.5645060552,-0.5231067119,-0.4838622783,-0.4468278148,-0.4120496639,-0.3795520212,-0.3493290101,-0.3213426863,-0.2955255623,-0.2717858087,-0.2500135394,-0.2300870652,-0.2118784651,-0.1952581742],[-0.2039850689,-0.2218687549,-0.2415351229,-0.2631418666,-0.2868479467,-0.3128090752,-0.3411724381,-0.3720713436,-0.4056211758,-0.4419189928,-0.4810502158,-0.5231067119,-0.5682202493,-0.616612152,-0.6686516592,-0.7248997365,-0.7860919297,-0.8529896131,-0.9260211474,-1.0046731009,-1.0867091335,-1.1674924879,-1.2398864825,-1.2952135895,-1.3253593814,-1.3253593814,-1.2952135895,-1.2398864825,-1.1674924879,-1.0867091335,-1.0046731009,-0.9260211474,-0.8529896131,-0.7860919297,-0.7248997365,-0.6686516592,-0.616612152,-0.5682202493,-0.5231067119,-0.4810502158,-0.4419189928,-0.4056211758,-0.3720713436,-0.3411724381,-0.3128090752,-0.2868479467,-0.2631418666,-0.2415351229,-0.2218687549,-0.2039850689],[-0.2126207023,-0.2317902249,-0.2529474693,-0.2762814978,-0.3019864867,-0.3302577099,-0.3612873549,-0.3952616372,-0.4323620496,-0.4727756294,-0.5167217946,-0.5645060552,-0.616612152,-0.6738405511,-0.7374869831,-0.8095222157,-0.8926772411,-0.9902599482,-1.1054578014,-1.2398864825,-1.3913492058,-1.5513089252,-1.7034185982,-1.8250834236,-1.8933117537,-1.8933117537,-1.8250834236,-1.7034185982,-1.5513089252,-1.3913492058,-1.2398864825,-1.1054578014,-0.9902599482,-0.8926772411,-0.8095222157,-0.7374869831,-0.6738405511,-0.616612152,-0.5645060552,-0.5167217946,-0.4727756294,-0.4323620496,-0.3952616372,-0.3612873549,-0.3302577099,-0.3019864867,-0.2762814978,-0.2529474693,-0.2317902249,-0.2126207023],[-0.221073253,-0.2415351229,-0.2641978455,-0.2892848541,-0.3170296173,-0.3476727443,-0.3814601262,-0.4186450083,-0.4594995788,-0.504345957,-0.5536227169,-0.6080109823,-0.6686516592,-0.7374869831,-0.8177438813,-0.914524671,-1.0353568631,-1.1903539149,-1.3913492058,-1.6490521611,-1.967194863,-2.3334674723,-2.7099369791,-3.0308609197,-3.2186459479,-3.2186459479,-3.0308609197,-2.7099369791,-2.3334674723,-1.967194863,-1.6490521611,-1.3913492058,-1.1903539149,-1.0353568631,-0.914524671,-0.8177438813,-0.7374869831,-0.6686516592,-0.6080109823,-0.5536227169,-0.504345957,-0.4594995788,-0.4186450083,-0.3814601262,-0.3476727443,-0.3170296173,-0.2892848541,-0.2641978455,-0.2415351229,-0.221073253],[-0.2292431048,-0.2509853559,-0.2751463566,-0.3019864867,-0.3317822693,-0.3648254519,-0.4014252334,-0.4419189928,-0.4867019771,-0.5362951082,-0.5914839438,-0.6535822066,-0.7248997365,-0.8095222157,-0.914524671,-1.0517146777,-1.2398864825,-1.5072806634,-1.8933117537,-2.4472466842,-3.2186459479,-4.2297671431,-5.4189802863,-6.5686282942,-7.306772551,-7.306772551,-6.5686282942,-5.4189802863,-4.2297671431,-3.2186459479,-2.4472466842,-1.8933117537,-1.5072806634,-1.2398864825,-1.0517146777,-0.914524671,-0.8095222157,-0.7248997365,-0.6535822066,-0.5914839438,-0.5362951082,-0.4867019771,-0.4419189928,-0.4014252334,-0.3648254519,-0.3317822693,-0.3019864867,-0.2751463566,-0.2509853559,-0.2292431048],[-0.2370246653,-0.2600146065,-0.2856419025,-0.3142058101,-0.3460290853,-0.3814601262,-0.4208816232,-0.4647350323,-0.5135794565,-0.5682202493,-0.6299716021,-0.7011651746,-0.7860919297,-0.8926772411,-1.0353568631,-1.2398864825,-1.5513089252,-2.0473696065,-2.8621172913,-4.2297671431,-6.5686282942,-10.6305390019,-17.6494010455,-28.6763321457,-40.0782962977,-40.0782962977,-28.6763321457,-17.6494010455,-10.6305390019,-6.5686282942,-4.2297671431,-2.8621172913,-2.0473696065,-1.5513089252,-1.2398864825,-1.0353568631,-0.8926772411,-0.7860919297,-0.7011651746,-0.6299716021,-0.5682202493,-0.5135794565,-0.4647350323,-0.4208816232,-0.3814601262,-0.3460290853,-0.3142058101,-0.2856419025,-0.2600146065,-0.2370246653],[-0.2443087315,-0.2684911743,-0.2955255623,-0.3257510806,-0.3595389824,-0.3972990688,-0.4394976062,-0.4867019771,-0.5396833209,-0.5996388118,-0.6686516592,-0.7506096994,-0.8529896131,-0.9902599482,-1.1903539149,-1.5072806634,-2.0473696065,-3.0308609197,-4.9651927897,-9.2803359957,-22.0050255498,-140.5400410692,70.2869824175,38.7541739432,32.2387796021,32.2387796021,38.7541739432,70.2869824175,-140.5400410692,-22.0050255498,-9.2803359957,-4.9651927897,-3.0308609197,-2.0473696065,-1.5072806634,-1.1903539149,-0.9902599482,-0.8529896131,-0.7506096994,-0.6686516592,-0.5996388118,-0.5396833209,-0.4867019771,-0.4394976062,-0.3972990688,-0.3595389824,-0.3257510806,-0.2955255623,-0.2684911743,-0.2443087315],[-0.2509853559,-0.2762814978,-0.3046349004,-0.3364246082,-0.3720713436,-0.4120496639,-0.4569182599,-0.5073920964,-0.5645060552,-0.6299716021,-0.7069305438,-0.8015131263,-0.9260211474,-1.1054578014,-1.3913492058,-1.8933117537,-2.8621172913,-4.9651927897,-10.6305390019,-40.0782962977,70.2869824175,27.8572077165,20.5107460648,17.8489759605,16.8592415388,16.8592415388,17.8489759605,20.5107460648,27.8572077165,70.2869824175,-40.0782962977,-10.6305390019,-4.9651927897,-2.8621172913,-1.8933117537,-1.3913492058,-1.1054578014,-0.9260211474,-0.8015131263,-0.7069305438,-0.6299716021,-0.5645060552,-0.5073920964,-0.4569182599,-0.4120496639,-0.3720713436,-0.3364246082,-0.3046349004,-0.2762814978,-0.2509853559],[-0.2569471243,-0.2832542524,-0.3128090752,-0.3460290853,-0.3833837521,-0.4254135617,-0.4727756294,-0.5263505175,-0.5874846136,-0.6585252208,-0.7439785268,-0.8529896131,-1.0046731009,-1.2398864825,-1.6490521611,-2.4472466842,-4.2297671431,-9.2803359957,-40.0782962977,49.4543844952,22.348575636,16.8592415388,14.7187844095,13.7434387823,13.3470199445,13.3470199445,13.7434387823,14.7187844095,16.8592415388,22.348575636,49.4543844952,-40.0782962977,-9.2803359957,-4.2297671431,-2.4472466842,-1.6490521611,-1.2398864825,-1.0046731009,-0.8529896131,-0.7439785268,-0.6585252208,-0.5874846136,-0.5263505175,-0.4727756294,-0.4254135617,-0.3833837521,-0.3460290853,-0.3128090752,-0.2832542524,-0.2569471243],[-0.262092707,-0.2892848541,-0.3198945454,-0.354374797,-0.393241038,-0.4370978435,-0.4867019771,-0.5431094131,-0.6080109823,-0.6844844762,-0.7786610561,-0.9034175149,-1.0867091335,-1.3913492058,-1.967194863,-3.2186459479,-6.5686282942,-22.0050255498,70.2869824175,22.348575636,16.0283777576,13.7434387823,12.6919275148,12.1793597059,11.9650013997,11.9650013997,12.1793597059,12.6919275148,13.7434387823,16.0283777576,22.348575636,70.2869824175,-22.0050255498,-6.5686282942,-3.2186459479,-1.967194863,-1.3913492058,-1.0867091335,-0.9034175149,-0.7786610561,-0.6844844762,-0.6080109823,-0.5431094131,-0.4867019771,-0.4370978435,-0.393241038,-0.354374797,-0.3198945454,-0.2892848541,-0.262092707],[-0.2663305037,-0.2942601356,-0.3257510806,-0.3612873549,-0.4014252334,-0.4468278148,-0.4983460883,-0.5572082193,-0.6254551156,-0.7069305438,-0.8095222157,-0.9502806874,-1.1674924879,-1.5513089252,-2.3334674723,-4.2297671431,-10.6305390019,-140.5400410692,27.8572077165,16.8592415388,13.7434387823,12.4203434537,11.7739291285,11.4507361645,11.3141183963,11.3141183963,11.4507361645,11.7739291285,12.4203434537,13.7434387823,16.8592415388,27.8572077165,-140.5400410692,-10.6305390019,-4.2297671431,-2.3334674723,-1.5513089252,-1.1674924879,-0.9502806874,-0.8095222157,-0.7069305438,-0.6254551156,-0.5572082193,-0.4983460883,-0.4468278148,-0.4014252334,-0.3612873549,-0.3257510806,-0.2942601356,-0.2663305037],[-0.2695821713,-0.2980829193,-0.3302577099,-0.3666154792,-0.4077458433,-0.4543607544,-0.5073920964,-0.5682202493,-0.6392039909,-0.7248997365,-0.8348699816,-0.9902599482,-1.2398864825,-1.7034185982,-2.7099369791,-5.4189802863,-17.6494010455,70.2869824175,20.5107460648,14.7187844095,12.6919275148,11.7739291285,11.3141183963,11.0817828092,10.9831155842,10.9831155842,11.0817828092,11.3141183963,11.7739291285,12.6919275148,14.7187844095,20.5107460648,70.2869824175,-17.6494010455,-5.4189802863,-2.7099369791,-1.7034185982,-1.2398864825,-0.9902599482,-0.8348699816,-0.7248997365,-0.6392039909,-0.5682202493,-0.5073920964,-0.4543607544,-0.4077458433,-0.3666154792,-0.3302577099,-0.2980829193,-0.2695821713],[-0.2717858087,-0.3006761785,-0.3333181942,-0.3702382666,-0.4120496639,-0.4594995788,-0.5135794565,-0.5757841167,-0.6487159127,-0.7374869831,-0.8529896131,-1.0196914668,-1.2952135895,-1.8250834236,-3.0308609197,-6.5686282942,-28.6763321457,38.7541739432,17.8489759605,13.7434387823,12.1793597059,11.4507361645,11.0817828092,10.8944407536,10.8146812814,10.8146812814,10.8944407536,11.0817828092,11.4507361645,12.1793597059,13.7434387823,17.8489759605,38.7541739432,-28.6763321457,-6.5686282942,-3.0308609197,-1.8250834236,-1.2952135895,-1.0196914668,-0.8529896131,-0.7374869831,-0.6487159127,-0.5757841167,-0.5135794565,-0.4594995788,-0.4120496639,-0.3702382666,-0.3333181942,-0.3006761785,-0.2717858087],[-0.2728985795,-0.3019864867,-0.334865601,-0.3720713436,-0.414229266,-0.4621050529,-0.5167217946,-0.5796358798,-0.6535822066,-0.7439785268,-0.8624565862,-1.0353568631,-1.3253593814,-1.8933117537,-3.2186459479,-7.306772551,-40.0782962977,32.2387796021,16.8592415388,13.3470199445,11.9650013997,11.3141183963,10.9831155842,10.8146812814,10.7428782822,10.7428782822,10.8146812814,10.9831155842,11.3141183963,11.9650013997,13.3470199445,16.8592415388,32.2387796021,-40.0782962977,-7.306772551,-3.2186459479,-1.8933117537,-1.3253593814,-1.0353568631,-0.8624565862,-0.7439785268,-0.6535822066,-0.5796358798,-0.5167217946,-0.4621050529,-0.414229266,-0.3720713436,-0.334865601,-0.3019864867,-0.2728985795],[-0.2728985795,-0.3019864867,-0.334865601,-0.3720713436,-0.414229266,-0.4621050529,-0.5167217946,-0.5796358798,-0.6535822066,-0.7439785268,-0.8624565862,-1.0353568631,-1.3253593814,-1.8933117537,-3.2186459479,-7.306772551,-40.0782962977,32.2387796021,16.8592415388,13.3470199445,11.9650013997,11.3141183963,10.9831155842,10.8146812814,10.7428782822,10.7428782822,10.8146812814,10.9831155842,11.3141183963,11.9650013997,13.3470199445,16.8592415388,32.2387796021,-40.0782962977,-7.306772551,-3.2186459479,-1.8933117537,-1.3253593814,-1.0353568631,-0.8624565862,-0.7439785268,-0.6535822066,-0.5796358798,-0.5167217946,-0.4621050529,-0.414229266,-0.3720713436,-0.334865601,-0.3019864867,-0.2728985795],[-0.2717858087,-0.3006761785,-0.3333181942,-0.3702382666,-0.4120496639,-0.4594995788,-0.5135794565,-0.5757841167,-0.6487159127,-0.7374869831,-0.8529896131,-1.0196914668,-1.2952135895,-1.8250834236,-3.0308609197,-6.5686282942,-28.6763321457,38.7541739432,17.8489759605,13.7434387823,12.1793597059,11.4507361645,11.0817828092,10.8944407536,10.8146812814,10.8146812814,10.8944407536,11.0817828092,11.4507361645,12.1793597059,13.7434387823,17.8489759605,38.7541739432,-28.6763321457,-6.5686282942,-3.0308609197,-1.8250834236,-1.2952135895,-1.0196914668,-0.8529896131,-0.7374869831,-0.6487159127,-0.5757841167,-0.5135794565,-0.4594995788,-0.4120496639,-0.3702382666,-0.3333181942,-0.3006761785,-0.2717858087],[-0.2695821713,-0.2980829193,-0.3302577099,-0.3666154792,-0.4077458433,-0.4543607544,-0.5073920964,-0.5682202493,-0.6392039909,-0.7248997365,-0.8348699816,-0.9902599482,-1.2398864825,-1.7034185982,-2.7099369791,-5.4189802863,-17.6494010455,70.2869824175,20.5107460648,14.7187844095,12.6919275148,11.7739291285,11.3141183963,11.0817828092,10.9831155842,10.9831155842,11.0817828092,11.3141183963,11.7739291285,12.6919275148,14.7187844095,20.5107460648,70.2869824175,-17.6494010455,-5.4189802863,-2.7099369791,-1.7034185982,-1.2398864825,-0.9902599482,-0.8348699816,-0.7248997365,-0.6392039909,-0.5682202493,-0.5073920964,-0.4543607544,-0.4077458433,-0.3666154792,-0.3302577099,-0.2980829193,-0.2695821713],[-0.2663305037,-0.2942601356,-0.3257510806,-0.3612873549,-0.4014252334,-0.4468278148,-0.4983460883,-0.5572082193,-0.6254551156,-0.7069305438,-0.8095222157,-0.9502806874,-1.1674924879,-1.5513089252,-2.3334674723,-4.2297671431,-10.6305390019,-140.5400410692,27.8572077165,16.8592415388,13.7434387823,12.4203434537,11.7739291285,11.4507361645,11.3141183963,11.3141183963,11.4507361645,11.7739291285,12.4203434537,13.7434387823,16.8592415388,27.8572077165,-140.5400410692,-10.6305390019,-4.2297671431,-2.3334674723,-1.5513089252,-1.1674924879,-0.9502806874,-0.8095222157,-0.7069305438,-0.6254551156,-0.5572082193,-0.4983460883,-0.4468278148,-0.4014252334,-0.3612873549,-0.3257510806,-0.2942601356,-0.2663305037],[-0.262092707,-0.2892848541,-0.3198945454,-0.354374797,-0.393241038,-0.4370978435,-0.4867019771,-0.5431094131,-0.6080109823,-0.6844844762,-0.7786610561,-0.9034175149,-1.0867091335,-1.3913492058,-1.967194863,-3.2186459479,-6.5686282942,-22.0050255498,70.2869824175,22.348575636,16.0283777576,13.7434387823,12.6919275148,12.1793597059,11.9650013997,11.9650013997,12.1793597059,12.6919275148,13.7434387823,16.0283777576,22.348575636,70.2869824175,-22.0050255498,-6.5686282942,-3.2186459479,-1.967194863,-1.3913492058,-1.0867091335,-0.9034175149,-0.7786610561,-0.6844844762,-0.6080109823,-0.5431094131,-0.4867019771,-0.4370978435,-0.393241038,-0.354374797,-0.3198945454,-0.2892848541,-0.262092707],[-0.2569471243,-0.2832542524,-0.3128090752,-0.3460290853,-0.3833837521,-0.4254135617,-0.4727756294,-0.5263505175,-0.5874846136,-0.6585252208,-0.7439785268,-0.8529896131,-1.0046731009,-1.2398864825,-1.6490521611,-2.4472466842,-4.2297671431,-9.2803359957,-40.0782962977,49.4543844952,22.348575636,16.8592415388,14.7187844095,13.7434387823,13.3470199445,13.3470199445,13.7434387823,14.7187844095,16.8592415388,22.348575636,49.4543844952,-40.0782962977,-9.2803359957,-4.2297671431,-2.4472466842,-1.6490521611,-1.2398864825,-1.0046731009,-0.8529896131,-0.7439785268,-0.6585252208,-0.5874846136,-0.5263505175,-0.4727756294,-0.4254135617,-0.3833837521,-0.3460290853,-0.3128090752,-0.2832542524,-0.2569471243],[-0.2509853559,-0.2762814978,-0.3046349004,-0.3364246082,-0.3720713436,-0.4120496639,-0.4569182599,-0.5073920964,-0.5645060552,-0.6299716021,-0.7069305438,-0.8015131263,-0.9260211474,-1.1054578014,-1.3913492058,-1.8933117537,-2.8621172913,-4.9651927897,-10.6305390019,-40.0782962977,70.2869824175,27.8572077165,20.5107460648,17.8489759605,16.8592415388,16.8592415388,17.8489759605,20.5107460648,27.8572077165,70.2869824175,-40.0782962977,-10.6305390019,-4.9651927897,-2.8621172913,-1.8933117537,-1.3913492058,-1.1054578014,-0.9260211474,-0.8015131263,-0.7069305438,-0.6299716021,-0.5645060552,-0.5073920964,-0.4569182599,-0.4120496639,-0.3720713436,-0.3364246082,-0.3046349004,-0.2762814978,-0.2509853559],[-0.2443087315,-0.2684911743,-0.2955255623,-0.3257510806,-0.3595389824,-0.3972990688,-0.4394976062,-0.4867019771,-0.5396833209,-0.5996388118,-0.6686516592,-0.7506096994,-0.8529896131,-0.9902599482,-1.1903539149,-1.5072806634,-2.0473696065,-3.0308609197,-4.9651927897,-9.2803359957,-22.0050255498,-140.5400410692,70.2869824175,38.7541739432,32.2387796021,32.2387796021,38.7541739432,70.2869824175,-140.5400410692,-22.0050255498,-9.2803359957,-4.9651927897,-3.0308609197,-2.0473696065,-1.5072806634,-1.1903539149,-0.9902599482,-0.8529896131,-0.7506096994,-0.6686516592,-0.5996388118,-0.5396833209,-0.4867019771,-0.4394976062,-0.3972990688,-0.3595389824,-0.3257510806,-0.2955255623,-0.2684911743,-0.2443087315],[-0.2370246653,-0.2600146065,-0.2856419025,-0.3142058101,-0.3460290853,-0.3814601262,-0.4208816232,-0.4647350323,-0.5135794565,-0.5682202493,-0.6299716021,-0.7011651746,-0.7860919297,-0.8926772411,-1.0353568631,-1.2398864825,-1.5513089252,-2.0473696065,-2.8621172913,-4.2297671431,-6.5686282942,-10.6305390019,-17.6494010455,-28.6763321457,-40.0782962977,-40.0782962977,-28.6763321457,-17.6494010455,-10.6305390019,-6.5686282942,-4.2297671431,-2.8621172913,-2.0473696065,-1.5513089252,-1.2398864825,-1.0353568631,-0.8926772411,-0.7860919297,-0.7011651746,-0.6299716021,-0.5682202493,-0.5135794565,-0.4647350323,-0.4208816232,-0.3814601262,-0.3460290853,-0.3142058101,-0.2856419025,-0.2600146065,-0.2370246653],[-0.2292431048,-0.2509853559,-0.2751463566,-0.3019864867,-0.3317822693,-0.3648254519,-0.4014252334,-0.4419189928,-0.4867019771,-0.5362951082,-0.5914839438,-0.6535822066,-0.7248997365,-0.8095222157,-0.914524671,-1.0517146777,-1.2398864825,-1.5072806634,-1.8933117537,-2.4472466842,-3.2186459479,-4.2297671431,-5.4189802863,-6.5686282942,-7.306772551,-7.306772551,-6.5686282942,-5.4189802863,-4.2297671431,-3.2186459479,-2.4472466842,-1.8933117537,-1.5072806634,-1.2398864825,-1.0517146777,-0.914524671,-0.8095222157,-0.7248997365,-0.6535822066,-0.5914839438,-0.5362951082,-0.4867019771,-0.4419189928,-0.4014252334,-0.3648254519,-0.3317822693,-0.3019864867,-0.2751463566,-0.2509853559,-0.2292431048],[-0.221073253,-0.2415351229,-0.2641978455,-0.2892848541,-0.3170296173,-0.3476727443,-0.3814601262,-0.4186450083,-0.4594995788,-0.504345957,-0.5536227169,-0.6080109823,-0.6686516592,-0.7374869831,-0.8177438813,-0.914524671,-1.0353568631,-1.1903539149,-1.3913492058,-1.6490521611,-1.967194863,-2.3334674723,-2.7099369791,-3.0308609197,-3.2186459479,-3.2186459479,-3.0308609197,-2.7099369791,-2.3334674723,-1.967194863,-1.6490521611,-1.3913492058,-1.1903539149,-1.0353568631,-0.914524671,-0.8177438813,-0.7374869831,-0.6686516592,-0.6080109823,-0.5536227169,-0.504345957,-0.4594995788,-0.4186450083,-0.3814601262,-0.3476727443,-0.3170296173,-0.2892848541,-0.2641978455,-0.2415351229,-0.221073253],[-0.2126207023,-0.2317902249,-0.2529474693,-0.2762814978,-0.3019864867,-0.3302577099,-0.3612873549,-0.3952616372,-0.4323620496,-0.4727756294,-0.5167217946,-0.5645060552,-0.616612152,-0.6738405511,-0.7374869831,-0.8095222157,-0.8926772411,-0.9902599482,-1.1054578014,-1.2398864825,-1.3913492058,-1.5513089252,-1.7034185982,-1.8250834236,-1.8933117537,-1.8933117537,-1.8250834236,-1.7034185982,-1.5513089252,-1.3913492058,-1.2398864825,-1.1054578014,-0.9902599482,-0.8926772411,-0.8095222157,-0.7374869831,-0.6738405511,-0.616612152,-0.5645060552,-0.5167217946,-0.4727756294,-0.4323620496,-0.3952616372,-0.3612873549,-0.3302577099,-0.3019864867,-0.2762814978,-0.2529474693,-0.2317902249,-0.2126207023],[-0.2039850689,-0.2218687549,-0.2415351229,-0.2631418666,-0.2868479467,-0.3128090752,-0.3411724381,-0.3720713436,-0.4056211758,-0.4419189928,-0.4810502158,-0.5231067119,-0.5682202493,-0.616612152,-0.6686516592,-0.7248997365,-0.7860919297,-0.8529896131,-0.9260211474,-1.0046731009,-1.0867091335,-1.1674924879,-1.2398864825,-1.2952135895,-1.3253593814,-1.3253593814,-1.2952135895,-1.2398864825,-1.1674924879,-1.0867091335,-1.0046731009,-0.9260211474,-0.8529896131,-0.7860919297,-0.7248997365,-0.6686516592,-0.616612152,-0.5682202493,-0.5231067119,-0.4810502158,-0.4419189928,-0.4056211758,-0.3720713436,-0.3411724381,-0.3128090752,-0.2868479467,-0.2631418666,-0.2415351229,-0.2218687549,-0.2039850689],[-0.1952581742,-0.2118784651,-0.2300870652,-0.2500135394,-0.2717858087,-0.2955255623,-0.3213426863,-0.3493290101,-0.3795520212,-0.4120496639,-0.4468278148,-0.4838622783,-0.5231067119,-0.5645060552,-0.6080109823,-0.6535822066,-0.7011651746,-0.7506096994,-0.8015131263,-0.8529896131,-0.9034175149,-0.9502806874,-0.9902599482,-1.0196914668,-1.0353568631,-1.0353568631,-1.0196914668,-0.9902599482,-0.9502806874,-0.9034175149,-0.8529896131,-0.8015131263,-0.7506096994,-0.7011651746,-0.6535822066,-0.6080109823,-0.5645060552,-0.5231067119,-0.4838622783,-0.4468278148,-0.4120496639,-0.3795520212,-0.3493290101,-0.3213426863,-0.2955255623,-0.2717858087,-0.2500135394,-0.2300870652,-0.2118784651,-0.1952581742],[-0.1865227735,-0.2019153628,-0.2187144093,-0.2370246653,-0.2569471243,-0.2785746282,-0.3019864867,-0.3272422284,-0.354374797,-0.3833837521,-0.414229266,-0.4468278148,-0.4810502158,-0.5167217946,-0.5536227169,-0.5914839438,-0.6299716021,-0.6686516592,-0.7069305438,-0.7439785268,-0.7786610561,-0.8095222157,-0.8348699816,-0.8529896131,-0.8624565862,-0.8624565862,-0.8529896131,-0.8348699816,-0.8095222157,-0.7786610561,-0.7439785268,-0.7069305438,-0.6686516592,-0.6299716021,-0.5914839438,-0.5536227169,-0.5167217946,-0.4810502158,-0.4468278148,-0.414229266,-0.3833837521,-0.354374797,-0.3272422284,-0.3019864867,-0.2785746282,-0.2569471243,-0.2370246653,-0.2187144093,-0.2019153628,-0.1865227735],[-0.1778518016,-0.1920629643,-0.2075124435,-0.2242834433,-0.2424539533,-0.262092707,-0.2832542524,-0.3059731851,-0.3302577099,-0.3560828484,-0.3833837521,-0.4120496639,-0.4419189928,-0.4727756294,-0.504345957,-0.5362951082,-0.5682202493,-0.5996388118,-0.6299716021,-0.6585252208,-0.6844844762,-0.7069305438,-0.7248997365,-0.7374869831,-0.7439785268,-0.7439785268,-0.7374869831,-0.7248997365,-0.7069305438,-0.6844844762,-0.6585252208,-0.6299716021,-0.5996388118,-0.5682202493,-0.5362951082,-0.504345957,-0.4727756294,-0.4419189928,-0.4120496639,-0.3833837521,-0.3560828484,-0.3302577099,-0.3059731851,-0.2832542524,-0.262092707,-0.2424539533,-0.2242834433,-0.2075124435,-0.1920629643,-0.1778518016],[-0.1693080774,-0.1823921213,-0.1965606608,-0.2118784651,-0.2284041688,-0.2461866565,-0.2652607041,-0.2856419025,-0.3073209765,-0.3302577099,-0.354374797,-0.3795520212,-0.4056211758,-0.4323620496,-0.4594995788,-0.4867019771,-0.5135794565,-0.5396833209,-0.5645060552,-0.5874846136,-0.6080109823,-0.6254551156,-0.6392039909,-0.6487159127,-0.6535822066,-0.6535822066,-0.6487159127,-0.6392039909,-0.6254551156,-0.6080109823,-0.5874846136,-0.5645060552,-0.5396833209,-0.5135794565,-0.4867019771,-0.4594995788,-0.4323620496,-0.4056211758,-0.3795520212,-0.354374797,-0.3302577099,-0.3073209765,-0.2856419025,-0.2652607041,-0.2461866565,-0.2284041688,-0.2118784651,-0.1965606608,-0.1823921213,-0.1693080774],[-0.1609443953,-0.172961318,-0.185923354,-0.1998797299,-0.214873042,-0.2309360914,-0.2480881243,-0.2663305037,-0.2856419025,-0.3059731851,-0.3272422284,-0.3493290101,-0.3720713436,-0.3952616372,-0.4186450083,-0.4419189928,-0.4647350323,-0.4867019771,-0.5073920964,-0.5263505175,-0.5431094131,-0.5572082193,-0.5682202493,-0.5757841167,-0.5796358798,-0.5796358798,-0.5757841167,-0.5682202493,-0.5572082193,-0.5431094131,-0.5263505175,-0.5073920964,-0.4867019771,-0.4647350323,-0.4419189928,-0.4186450083,-0.3952616372,-0.3720713436,-0.3493290101,-0.3272422284,-0.3059731851,-0.2856419025,-0.2663305037,-0.2480881243,-0.2309360914,-0.214873042,-0.1998797299,-0.185923354,-0.172961318,-0.1609443953],[-0.1528039249,-0.1638173304,-0.1756506315,-0.1883401382,-0.2019153628,-0.216396296,-0.2317902249,-0.2480881243,-0.2652607041,-0.2832542524,-0.3019864867,-0.3213426863,-0.3411724381,-0.3612873549,-0.3814601262,-0.4014252334,-0.4208816232,-0.4394976062,-0.4569182599,-0.4727756294,-0.4867019771,-0.4983460883,-0.5073920964,-0.5135794565,-0.5167217946,-0.5167217946,-0.5135794565,-0.5073920964,-0.4983460883,-0.4867019771,-0.4727756294,-0.4569182599,-0.4394976062,-0.4208816232,-0.4014252334,-0.3814601262,-0.3612873549,-0.3411724381,-0.3213426863,-0.3019864867,-0.2832542524,-0.2652607041,-0.2480881243,-0.2317902249,-0.216396296,-0.2019153628,-0.1883401382,-0.1756506315,-0.1638173304,-0.1528039249],[-0.1449208386,-0.1549961429,-0.1657797159,-0.1772972881,-0.1895678698,-0.2026014406,-0.216396296,-0.2309360914,-0.2461866565,-0.262092707,-0.2785746282,-0.2955255623,-0.3128090752,-0.3302577099,-0.3476727443,-0.3648254519,-0.3814601262,-0.3972990688,-0.4120496639,-0.4254135617,-0.4370978435,-0.4468278148,-0.4543607544,-0.4594995788,-0.4621050529,-0.4621050529,-0.4594995788,-0.4543607544,-0.4468278148,-0.4370978435,-0.4254135617,-0.4120496639,-0.3972990688,-0.3814601262,-0.3648254519,-0.3476727443,-0.3302577099,-0.3128090752,-0.2955255623,-0.2785746282,-0.262092707,-0.2461866565,-0.2309360914,-0.216396296,-0.2026014406,-0.1895678698,-0.1772972881,-0.1657797159,-0.1549961429,-0.1449208386],[-0.137321094,-0.1465240273,-0.1563364054,-0.1667754213,-0.1778518016,-0.1895678698,-0.2019153628,-0.214873042,-0.2284041688,-0.2424539533,-0.2569471243,-0.2717858087,-0.2868479467,-0.3019864867,-0.3170296173,-0.3317822693,-0.3460290853,-0.3595389824,-0.3720713436,-0.3833837521,-0.393241038,-0.4014252334,-0.4077458433,-0.4120496639,-0.414229266,-0.414229266,-0.4120496639,-0.4077458433,-0.4014252334,-0.393241038,-0.3833837521,-0.3720713436,-0.3595389824,-0.3460290853,-0.3317822693,-0.3170296173,-0.3019864867,-0.2868479467,-0.2717858087,-0.2569471243,-0.2424539533,-0.2284041688,-0.214873042,-0.2019153628,-0.1895678698,-0.1778518016,-0.1667754213,-0.1563364054,-0.1465240273,-0.137321094],[-0.130023307,-0.1384187028,-0.1473365959,-0.1567873965,-0.1667754213,-0.1772972881,-0.1883401382,-0.1998797299,-0.2118784651,-0.2242834433,-0.2370246653,-0.2500135394,-0.2631418666,-0.2762814978,-0.2892848541,-0.3019864867,-0.3142058101,-0.3257510806,-0.3364246082,-0.3460290853,-0.354374797,-0.3612873549,-0.3666154792,-0.3702382666,-0.3720713436,-0.3720713436,-0.3702382666,-0.3666154792,-0.3612873549,-0.354374797,-0.3460290853,-0.3364246082,-0.3257510806,-0.3142058101,-0.3019864867,-0.2892848541,-0.2762814978,-0.2631418666,-0.2500135394,-0.2370246653,-0.2242834433,-0.2118784651,-0.1998797299,-0.1883401382,-0.1772972881,-0.1667754213,-0.1567873965,-0.1473365959,-0.1384187028,-0.130023307],[-0.1230396607,-0.1306905123,-0.1387877868,-0.1473365959,-0.1563364054,-0.1657797159,-0.1756506315,-0.185923354,-0.1965606608,-0.2075124435,-0.2187144093,-0.2300870652,-0.2415351229,-0.2529474693,-0.2641978455,-0.2751463566,-0.2856419025,-0.2955255623,-0.3046349004,-0.3128090752,-0.3198945454,-0.3257510806,-0.3302577099,-0.3333181942,-0.334865601,-0.334865601,-0.3333181942,-0.3302577099,-0.3257510806,-0.3198945454,-0.3128090752,-0.3046349004,-0.2955255623,-0.2856419025,-0.2751463566,-0.2641978455,-0.2529474693,-0.2415351229,-0.2300870652,-0.2187144093,-0.2075124435,-0.1965606608,-0.185923354,-0.1756506315,-0.1657797159,-0.1563364054,-0.1473365959,-0.1387877868,-0.1306905123,-0.1230396607],[-0.1163768083,-0.1233435649,-0.1306905123,-0.1384187028,-0.1465240273,-0.1549961429,-0.1638173304,-0.172961318,-0.1823921213,-0.1920629643,-0.2019153628,-0.2118784651,-0.2218687549,-0.2317902249,-0.2415351229,-0.2509853559,-0.2600146065,-0.2684911743,-0.2762814978,-0.2832542524,-0.2892848541,-0.2942601356,-0.2980829193,-0.3006761785,-0.3019864867,-0.3019864867,-0.3006761785,-0.2980829193,-0.2942601356,-0.2892848541,-0.2832542524,-0.2762814978,-0.2684911743,-0.2600146065,-0.2509853559,-0.2415351229,-0.2317902249,-0.2218687549,-0.2118784651,-0.2019153628,-0.1920629643,-0.1823921213,-0.172961318,-0.1638173304,-0.1549961429,-0.1465240273,-0.1384187028,-0.1306905123,-0.1233435649,-0.1163768083],[-0.1100367387,-0.1163768083,-0.1230396607,-0.130023307,-0.137321094,-0.1449208386,-0.1528039249,-0.1609443953,-0.1693080774,-0.1778518016,-0.1865227735,-0.1952581742,-0.2039850689,-0.2126207023,-0.221073253,-0.2292431048,-0.2370246653,-0.2443087315,-0.2509853559,-0.2569471243,-0.262092707,-0.2663305037,-0.2695821713,-0.2717858087,-0.2728985795,-0.2728985795,-0.2717858087,-0.2695821713,-0.2663305037,-0.262092707,-0.2569471243,-0.2509853559,-0.2443087315,-0.2370246653,-0.2292431048,-0.221073253,-0.2126207023,-0.2039850689,-0.1952581742,-0.1865227735,-0.1778518016,-0.1693080774,-0.1609443953,-0.1528039249,-0.1449208386,-0.137321094,-0.130023307,-0.1230396607,-0.1163768083,-0.1100367387]]}