{"columns":[0,1,2,3,4,5,6,7,8,9,10,11,12,13,14,15,16,17,18,19,20,21,22,23,24,25,26,27,28,29,30,31,32,33,34,35,36,37,38,39,40,41,42,43,44,45,46,47,48,49],"index":[0,1,2,3,4,5,6,7,8,9,10,11,12,13,14,15,16,17,18,19,20,21,22,23,24,25,26,27,28,29,30,31,32,33,34,35,36,37,38,39,40,41,42,43,44,45,46,47,48,49],"data":[[-0.1918280873,-0.2032851105,-0.2153706144,-0.2280876891,-0.241431172,-0.2553858712,-0.2699246533,-0.2850064475,-0.3005742418,-0.3165531763,-0.332848864,-0.3493461023,-0.3659081565,-0.3823768122,-0.3985733913,-0.4143009006,-0.4293474391,-0.4434909106,-0.4565049913,-0.4681661829,-0.4782616559,-0.4865974664,-0.4930066408,-0.4973565657,-0.4995551307,-0.4995551307,-0.4973565657,-0.4930066408,-0.4865974664,-0.4782616559,-0.4681661829,-0.4565049913,-0.4434909106,-0.4293474391,-0.4143009006,-0.3985733913,-0.3823768122,-0.3659081565,-0.3493461023,-0.332848864,-0.3165531763,-0.3005742418,-0.2850064475,-0.2699246533,-0.2553858712,-0.241431172,-0.2280876891,-0.2153706144,-0.2032851105,-0.1918280873],[-0.2032851105,-0.2159229591,-0.2293053184,-0.2434428807,-0.2583373665,-0.273979325,-0.2903457147,-0.3073973157,-0.3250760611,-0.3433024068,-0.3619729069,-0.3809581991,-0.4001016454,-0.419218899,-0.4380986761,-0.4565049913,-0.4741810592,-0.4908549723,-0.5062471272,-0.5200792097,-0.5320843644,-0.5420179991,-0.5496685306,-0.554867292,-0.5574968197,-0.5574968197,-0.554867292,-0.5496685306,-0.5420179991,-0.5320843644,-0.5200792097,-0.5062471272,-0.4908549723,-0.4741810592,-0.4565049913,-0.4380986761,-0.419218899,-0.4001016454,-0.3809581991,-0.3619729069,-0.3433024068,-0.3250760611,-0.3073973157,-0.2903457147,-0.273979325,-0.2583373665,-0.2434428807,-0.2293053184,-0.2159229591,-0.2032851105],[-0.2153706144,-0.2293053184,-0.2441196243,-0.2598343444,-0.276460722,-0.2939977362,-0.3124290706,-0.3317197944,-0.3518128464,-0.3726254631,-0.3940457497,-0.4159296552,-0.4380986761,-0.4603386561,-0.482400081,-0.5040002513,-0.5248276585,-0.544548768,-0.5628172381,-0.5792853679,-0.5936173095,-0.605503317,-0.6146740827,-0.6209140753,-0.6240727692,-0.6240727692,-0.6209140753,-0.6146740827,-0.605503317,-0.5936173095,-0.5792853679,-0.5628172381,-0.544548768,-0.5248276585,-0.5040002513,-0.482400081,-0.4603386561,-0.4380986761,-0.4159296552,-0.3940457497,-0.3726254631,-0.3518128464,-0.3317197944,-0.3124290706,-0.2939977362,-0.276460722,-0.2598343444,-0.2441196243,-0.2293053184,-0.2153706144],[-0.2280876891,-0.2434428807,-0.2598343444,-0.277296122,-0.2958523032,-0.3155137597,-0.3362743863,-0.3581068876,-0.3809581991,-0.4047446978,-0.4293474391,-0.4546077458,-0.4803235698,-0.5062471272,-0.5320843644,-0.5574968197,-0.5821063835,-0.605503317,-0.62725765,-0.6469337608,-0.6641075637,-0.6783853433,-0.6894229393,-0.6969437632,-0.7007540723,-0.7007540723,-0.6969437632,-0.6894229393,-0.6783853433,-0.6641075637,-0.6469337608,-0.62725765,-0.605503317,-0.5821063835,-0.5574968197,-0.5320843644,-0.5062471272,-0.4803235698,-0.4546077458,-0.4293474391,-0.4047446978,-0.3809581991,-0.3581068876,-0.3362743863,-0.3155137597,-0.2958523032,-0.277296122,-0.2598343444,-0.2434428807,-0.2280876891],[-0.241431172,-0.2583373665,-0.276460722,-0.2958523032,-0.3165531763,-0.3385904979,-0.3619729069,-0.386685233,-0.4126825992,-0.4398840794,-0.4681661829,-0.4973565657,-0.5272285065,-0.5574968197,-0.58781598,-0.6177812759,-0.6469337608,-0.6747695961,-0.7007540723,-0.7243401528,-0.7449908443,-0.7622041305,-0.7755386986,-0.7846383302,-0.7892527281,-0.7892527281,-0.7846383302,-0.7755386986,-0.7622041305,-0.7449908443,-0.7243401528,-0.7007540723,-0.6747695961,-0.6469337608,-0.6177812759,-0.58781598,-0.5574968197,-0.5272285065,-0.4973565657,-0.4681661829,-0.4398840794,-0.4126825992,-0.386685233,-0.3619729069,-0.3385904979,-0.3165531763,-0.2958523032,-0.276460722,-0.2583373665,-0.241431172],[-0.2553858712,-0.273979325,-0.2939977362,-0.3155137597,-0.3385904979,-0.3632768804,-0.3896020825,-0.4175689566,-0.4471465199,-0.4782616559,-0.5107903257,-0.544548768,-0.5792853679,-0.6146740827,-0.6503104917,-0.6857116393,-0.7203208234,-0.7535182819,-0.7846383302,-0.8129928952,-0.8379006243,-0.8587199119,-0.8748834245,-0.8859311554,-0.8915388463,-0.8915388463,-0.8859311554,-0.8748834245,-0.8587199119,-0.8379006243,-0.8129928952,-0.7846383302,-0.7535182819,-0.7203208234,-0.6857116393,-0.6503104917,-0.6146740827,-0.5792853679,-0.544548768,-0.5107903257,-0.4782616559,-0.4471465199,-0.4175689566,-0.3896020825,-0.3632768804,-0.3385904979,-0.3155137597,-0.2939977362,-0.273979325,-0.2553858712],[-0.2699246533,-0.2903457147,-0.3124290706,-0.3362743863,-0.3619729069,-0.3896020825,-0.419218899,-0.4508518201,-0.4844913318,-0.5200792097,-0.5574968197,-0.5965530043,-0.6369723997,-0.6783853433,-0.7203208234,-0.7622041305,-0.8033609042,-0.8430290642,-0.8803795976,-0.9145463423,-0.9446638175,-0.9699109388,-0.9895573218,-1.0030080394,-1.0098423702,-1.0098423702,-1.0030080394,-0.9895573218,-0.9699109388,-0.9446638175,-0.9145463423,-0.8803795976,-0.8430290642,-0.8033609042,-0.7622041305,-0.7203208234,-0.6783853433,-0.6369723997,-0.5965530043,-0.5574968197,-0.5200792097,-0.4844913318,-0.4508518201,-0.419218899,-0.3896020825,-0.3619729069,-0.3362743863,-0.3124290706,-0.2903457147,-0.2699246533],[-0.2850064475,-0.3073973157,-0.3317197944,-0.3581068876,-0.386685233,-0.4175689566,-0.4508518201,-0.4865974664,-0.5248276585,-0.5655085651,-0.6085353817,-0.6537159029,-0.7007540723,-0.7492350067,-0.7986134497,-0.8482079783,-0.8972034308,-0.9446638175,-0.9895573218,-1.0307938611,-1.0672741368,-1.097947361,-1.1218731884,-1.1382821444,-1.1466282996,-1.1466282996,-1.1382821444,-1.1218731884,-1.097947361,-1.0672741368,-1.0307938611,-0.9895573218,-0.9446638175,-0.8972034308,-0.8482079783,-0.7986134497,-0.7492350067,-0.7007540723,-0.6537159029,-0.6085353817,-0.5655085651,-0.5248276585,-0.4865974664,-0.4508518201,-0.4175689566,-0.386685233,-0.3581068876,-0.3317197944,-0.3073973157,-0.2850064475],[-0.3005742418,-0.3250760611,-0.3518128464,-0.3809581991,-0.4126825992,-0.4471465199,-0.4844913318,-0.5248276585,-0.5682209329,-0.6146740827,-0.6641075637,-0.7163373905,-0.7710523858,-0.8277925486,-0.8859311554,-0.9446638175,-1.0030080394,-1.0598166446,-1.1138075924,-1.1636111442,-1.2078331791,-1.2451310071,-1.2742957175,-1.2943333354,-1.3045361899,-1.3045361899,-1.2943333354,-1.2742957175,-1.2451310071,-1.2078331791,-1.1636111442,-1.1138075924,-1.0598166446,-1.0030080394,-0.9446638175,-0.8859311554,-0.8277925486,-0.7710523858,-0.7163373905,-0.6641075637,-0.6146740827,-0.5682209329,-0.5248276585,-0.4844913318,-0.4471465199,-0.4126825992,-0.3809581991,-0.3518128464,-0.3250760611,-0.3005742418],[-0.3165531763,-0.3433024068,-0.3726254631,-0.4047446978,-0.4398840794,-0.4782616559,-0.5200792097,-0.5655085651,-0.6146740827,-0.6676310658,-0.7243401528,-0.7846383302,-0.8482079783,-0.9145463423,-0.9829388957,-1.0524410419,-1.1218731884,-1.1898340836,-1.254736155,-1.3148643642,-1.3684570789,-1.4138042583,-1.4493554459,-1.4738279106,-1.4863037046,-1.4863037046,-1.4738279106,-1.4493554459,-1.4138042583,-1.3684570789,-1.3148643642,-1.254736155,-1.1898340836,-1.1218731884,-1.0524410419,-0.9829388957,-0.9145463423,-0.8482079783,-0.7846383302,-0.7243401528,-0.6676310658,-0.6146740827,-0.5655085651,-0.5200792097,-0.4782616559,-0.4398840794,-0.4047446978,-0.3726254631,-0.3433024068,-0.3165531763],[-0.332848864,-0.3619729069,-0.3940457497,-0.4293474391,-0.4681661829,-0.5107903257,-0.5574968197,-0.6085353817,-0.6641075637,-0.7243401528,-0.7892527281,-0.8587199119,-0.9324299146,-1.0098423702,-1.0901500764,-1.1722507846,-1.254736155,-1.3359047797,-1.4138042583,-1.4863037046,-1.5511937589,-1.6063079641,-1.6496583256,-1.67957742,-1.6948558053,-1.6948558053,-1.67957742,-1.6496583256,-1.6063079641,-1.5511937589,-1.4863037046,-1.4138042583,-1.3359047797,-1.254736155,-1.1722507846,-1.0901500764,-1.0098423702,-0.9324299146,-0.8587199119,-0.7892527281,-0.7243401528,-0.6641075637,-0.6085353817,-0.5574968197,-0.5107903257,-0.4681661829,-0.4293474391,-0.3940457497,-0.3619729069,-0.332848864],[-0.3493461023,-0.3809581991,-0.4159296552,-0.4546077458,-0.4973565657,-0.544548768,-0.5965530043,-0.6537159029,-0.7163373905,-0.7846383302,-0.8587199119,-0.9385151398,-1.0237342074,-1.1138075924,-1.2078331791,-1.3045361899,-1.4022522341,-1.4989429506,-1.5922490721,-1.67957742,-1.7582104846,-1.825428183,-1.8786463136,-1.9155936538,-1.9345404699,-1.9345404699,-1.9155936538,-1.8786463136,-1.825428183,-1.7582104846,-1.67957742,-1.5922490721,-1.4989429506,-1.4022522341,-1.3045361899,-1.2078331791,-1.1138075924,-1.0237342074,-0.9385151398,-0.8587199119,-0.7846383302,-0.7163373905,-0.6537159029,-0.5965530043,-0.544548768,-0.4973565657,-0.4546077458,-0.4159296552,-0.3809581991,-0.3493461023],[-0.3659081565,-0.4001016454,-0.4380986761,-0.4803235698,-0.5272285065,-0.5792853679,-0.6369723997,-0.7007540723,-0.7710523858,-0.8482079783,-0.9324299146,-1.0237342074,-1.1218731884,-1.2262610102,-1.3359047797,-1.4493554459,-1.5646955085,-1.67957742,-1.7913108203,-1.8969662093,-1.9934337345,-2.077394032,-2.1452670167,-2.1933539248,-2.2183856925,-2.2183856925,-2.1933539248,-2.1452670167,-2.077394032,-1.9934337345,-1.8969662093,-1.7913108203,-1.67957742,-1.5646955085,-1.4493554459,-1.3359047797,-1.2262610102,-1.1218731884,-1.0237342074,-0.9324299146,-0.8482079783,-0.7710523858,-0.7007540723,-0.6369723997,-0.5792853679,-0.5272285065,-0.4803235698,-0.4380986761,-0.4001016454,-0.3659081565],[-0.3823768122,-0.419218899,-0.4603386561,-0.5062471272,-0.5574968197,-0.6146740827,-0.6783853433,-0.7492350067,-0.8277925486,-0.9145463423,-1.0098423702,-1.1138075924,-1.2262610102,-1.3466211785,-1.4738279106,-1.6063079641,-1.7420249403,-1.8786463136,-2.0138020206,-2.1452670167,-2.2707223098,-2.386775526,-2.4875076834,-2.5638667883,-2.6055886194,-2.6055886194,-2.5638667883,-2.4875076834,-2.386775526,-2.2707223098,-2.1452670167,-2.0138020206,-1.8786463136,-1.7420249403,-1.6063079641,-1.4738279106,-1.3466211785,-1.2262610102,-1.1138075924,-1.0098423702,-0.9145463423,-0.8277925486,-0.7492350067,-0.6783853433,-0.6146740827,-0.5574968197,-0.5062471272,-0.4603386561,-0.419218899,-0.3823768122],[-0.3985733913,-0.4380986761,-0.482400081,-0.5320843644,-0.58781598,-0.6503104917,-0.7203208234,-0.7986134497,-0.8859311554,-0.9829388957,-1.0901500764,-1.2078331791,-1.3359047797,-1.4738279106,-1.6205598612,-1.7746369863,-1.9345404699,-2.0995023453,-2.2707223098,-2.4523105977,-2.6501283098,-2.8660988722,-3.0879830217,-3.2814736327,-3.3972376942,-3.3972376942,-3.2814736327,-3.0879830217,-2.8660988722,-2.6501283098,-2.4523105977,-2.2707223098,-2.0995023453,-1.9345404699,-1.7746369863,-1.6205598612,-1.4738279106,-1.3359047797,-1.2078331791,-1.0901500764,-0.9829388957,-0.8859311554,-0.7986134497,-0.7203208234,-0.6503104917,-0.58781598,-0.5320843644,-0.482400081,-0.4380986761,-0.3985733913],[-0.4143009006,-0.4565049913,-0.5040002513,-0.5574968197,-0.6177812759,-0.6857116393,-0.7622041305,-0.8482079783,-0.9446638175,-1.0524410419,-1.1722507846,-1.3045361899,-1.4493554459,-1.6063079641,-1.7746369863,-1.9538196368,-2.1452670167,-2.3560876076,-2.6055886194,-2.9328061394,-3.3972376942,-4.0565858247,-4.9048001028,-5.7850469208,-6.3749364758,-6.3749364758,-5.7850469208,-4.9048001028,-4.0565858247,-3.3972376942,-2.9328061394,-2.6055886194,-2.3560876076,-2.1452670167,-1.9538196368,-1.7746369863,-1.6063079641,-1.4493554459,-1.3045361899,-1.1722507846,-1.0524410419,-0.9446638175,-0.8482079783,-0.7622041305,-0.6857116393,-0.6177812759,-0.5574968197,-0.5040002513,-0.4565049913,-0.4143009006],[-0.4293474391,-0.4741810592,-0.5248276585,-0.5821063835,-0.6469337608,-0.7203208234,-0.8033609042,-0.8972034308,-1.0030080394,-1.1218731884,-1.254736155,-1.4022522341,-1.5646955085,-1.7420249403,-1.9345404699,-2.1452670167,-2.386775526,-2.6979052459,-3.1791004485,-4.0565858247,-5.7850469208,-9.196981147,-15.6266789931,-26.213417088,-37.381998114,-37.381998114,-26.213417088,-15.6266789931,-9.196981147,-5.7850469208,-4.0565858247,-3.1791004485,-2.6979052459,-2.386775526,-2.1452670167,-1.9345404699,-1.7420249403,-1.5646955085,-1.4022522341,-1.254736155,-1.1218731884,-1.0030080394,-0.8972034308,-0.8033609042,-0.7203208234,-0.6469337608,-0.5821063835,-0.5248276585,-0.4741810592,-0.4293474391],[-0.4434909106,-0.4908549723,-0.544548768,-0.605503317,-0.6747695961,-0.7535182819,-0.8430290642,-0.9446638175,-1.0598166446,-1.1898340836,-1.3359047797,-1.4989429506,-1.67957742,-1.8786463136,-2.0995023453,-2.3560876076,-2.6979052459,-3.2814736327,-4.5727562012,-8.0236762543,-19.7667775437,-137.3531353737,74.2575124775,43.2669687988,37.0249934941,37.0249934941,43.2669687988,74.2575124775,-137.3531353737,-19.7667775437,-8.0236762543,-4.5727562012,-3.2814736327,-2.6979052459,-2.3560876076,-2.0995023453,-1.8786463136,-1.67957742,-1.4989429506,-1.3359047797,-1.1898340836,-1.0598166446,-0.9446638175,-0.8430290642,-0.7535182819,-0.6747695961,-0.605503317,-0.544548768,-0.4908549723,-0.4434909106],[-0.4565049913,-0.5062471272,-0.5628172381,-0.62725765,-0.7007540723,-0.7846383302,-0.8803795976,-0.9895573218,-1.1138075924,-1.254736155,-1.4138042583,-1.5922490721,-1.7913108203,-2.0138020206,-2.2707223098,-2.6055886194,-3.1791004485,-4.5727562012,-9.196981147,-37.381998114,74.2575124775,32.9165692447,26.3739476771,24.2213489231,23.4743466999,23.4743466999,24.2213489231,26.3739476771,32.9165692447,74.2575124775,-37.381998114,-9.196981147,-4.5727562012,-3.1791004485,-2.6055886194,-2.2707223098,-2.0138020206,-1.7913108203,-1.5922490721,-1.4138042583,-1.254736155,-1.1138075924,-0.9895573218,-0.8803795976,-0.7846383302,-0.7007540723,-0.62725765,-0.5628172381,-0.5062471272,-0.4565049913],[-0.4681661829,-0.5200792097,-0.5792853679,-0.6469337608,-0.7243401528,-0.8129928952,-0.9145463423,-1.0307938611,-1.1636111442,-1.3148643642,-1.4863037046,-1.67957742,-1.8969662093,-2.1452670167,-2.4523105977,-2.9328061394,-4.0565858247,-8.0236762543,-37.381998114,53.6948498014,27.9478286985,23.4743466999,22.001901099,21.4136797375,21.1916905426,21.1916905426,21.4136797375,22.001901099,23.4743466999,27.9478286985,53.6948498014,-37.381998114,-8.0236762543,-4.0565858247,-2.9328061394,-2.4523105977,-2.1452670167,-1.8969662093,-1.67957742,-1.4863037046,-1.3148643642,-1.1636111442,-1.0307938611,-0.9145463423,-0.8129928952,-0.7243401528,-0.6469337608,-0.5792853679,-0.5200792097,-0.4681661829],[-0.4782616559,-0.5320843644,-0.5936173095,-0.6641075637,-0.7449908443,-0.8379006243,-0.9446638175,-1.0672741368,-1.2078331791,-1.3684570789,-1.5511937589,-1.7582104846,-1.9934337345,-2.2707223098,-2.6501283098,-3.3972376942,-5.7850469208,-19.7667775437,74.2575124775,27.9478286985,22.8768137122,21.4136797375,20.8458581223,20.5895322978,20.4837723183,20.4837723183,20.5895322978,20.8458581223,21.4136797375,22.8768137122,27.9478286985,74.2575124775,-19.7667775437,-5.7850469208,-3.3972376942,-2.6501283098,-2.2707223098,-1.9934337345,-1.7582104846,-1.5511937589,-1.3684570789,-1.2078331791,-1.0672741368,-0.9446638175,-0.8379006243,-0.7449908443,-0.6641075637,-0.5936173095,-0.5320843644,-0.4782616559],[-0.4865974664,-0.5420179991,-0.605503317,-0.6783853433,-0.7622041305,-0.8587199119,-0.9699109388,-1.097947361,-1.2451310071,-1.4138042583,-1.6063079641,-1.825428183,-2.077394032,-2.386775526,-2.8660988722,-4.0565858247,-9.196981147,-137.3531353737,32.9165692447,23.4743466999,21.4136797375,20.7089775285,20.3886753371,20.2212122221,20.145322527,20.145322527,20.2212122221,20.3886753371,20.7089775285,21.4136797375,23.4743466999,32.9165692447,-137.3531353737,-9.196981147,-4.0565858247,-2.8660988722,-2.386775526,-2.077394032,-1.825428183,-1.6063079641,-1.4138042583,-1.2451310071,-1.097947361,-0.9699109388,-0.8587199119,-0.7622041305,-0.6783853433,-0.605503317,-0.5420179991,-0.4865974664],[-0.4930066408,-0.5496685306,-0.6146740827,-0.6894229393,-0.7755386986,-0.8748834245,-0.9895573218,-1.1218731884,-1.2742957175,-1.4493554459,-1.6496583256,-1.8786463136,-2.1452670167,-2.4875076834,-3.0879830217,-4.9048001028,-15.6266789931,74.2575124775,26.3739476771,22.001901099,20.8458581223,20.3886753371,20.145322527,20.0029175026,19.9346293792,19.9346293792,20.0029175026,20.145322527,20.3886753371,20.8458581223,22.001901099,26.3739476771,74.2575124775,-15.6266789931,-4.9048001028,-3.0879830217,-2.4875076834,-2.1452670167,-1.8786463136,-1.6496583256,-1.4493554459,-1.2742957175,-1.1218731884,-0.9895573218,-0.8748834245,-0.7755386986,-0.6894229393,-0.6146740827,-0.5496685306,-0.4930066408],[-0.4973565657,-0.554867292,-0.6209140753,-0.6969437632,-0.7846383302,-0.8859311554,-1.0030080394,-1.1382821444,-1.2943333354,-1.4738279106,-1.67957742,-1.9155936538,-2.1933539248,-2.5638667883,-3.2814736327,-5.7850469208,-26.213417088,43.2669687988,24.2213489231,21.4136797375,20.5895322978,20.2212122221,20.0029175026,19.8674134824,19.8007977268,19.8007977268,19.8674134824,20.0029175026,20.2212122221,20.5895322978,21.4136797375,24.2213489231,43.2669687988,-26.213417088,-5.7850469208,-3.2814736327,-2.5638667883,-2.1933539248,-1.9155936538,-1.67957742,-1.4738279106,-1.2943333354,-1.1382821444,-1.0030080394,-0.8859311554,-0.7846383302,-0.6969437632,-0.6209140753,-0.554867292,-0.4973565657],[-0.4995551307,-0.5574968197,-0.6240727692,-0.7007540723,-0.7892527281,-0.8915388463,-1.0098423702,-1.1466282996,-1.3045361899,-1.4863037046,-1.6948558053,-1.9345404699,-2.2183856925,-2.6055886194,-3.3972376942,-6.3749364758,-37.381998114,37.0249934941,23.4743466999,21.1916905426,20.4837723183,20.145322527,19.9346293792,19.8007977268,19.7344213235,19.7344213235,19.8007977268,19.9346293792,20.145322527,20.4837723183,21.1916905426,23.4743466999,37.0249934941,-37.381998114,-6.3749364758,-3.3972376942,-2.6055886194,-2.2183856925,-1.9345404699,-1.6948558053,-1.4863037046,-1.3045361899,-1.1466282996,-1.0098423702,-0.8915388463,-0.7892527281,-0.7007540723,-0.6240727692,-0.5574968197,-0.4995551307],[-0.4995551307,-0.5574968197,-0.6240727692,-0.7007540723,-0.7892527281,-0.8915388463,-1.0098423702,-1.1466282996,-1.3045361899,-1.4863037046,-1.6948558053,-1.9345404699,-2.2183856925,-2.6055886194,-3.3972376942,-6.3749364758,-37.381998114,37.0249934941,23.4743466999,21.1916905426,20.4837723183,20.145322527,19.9346293792,19.8007977268,19.7344213235,19.7344213235,19.8007977268,19.9346293792,20.145322527,20.4837723183,21.1916905426,23.4743466999,37.0249934941,-37.381998114,-6.3749364758,-3.3972376942,-2.6055886194,-2.2183856925,-1.9345404699,-1.6948558053,-1.4863037046,-1.3045361899,-1.1466282996,-1.0098423702,-0.8915388463,-0.7892527281,-0.7007540723,-0.6240727692,-0.5574968197,-0.4995551307],[-0.4973565657,-0.554867292,-0.6209140753,-0.6969437632,-0.7846383302,-0.8859311554,-1.0030080394,-1.1382821444,-1.2943333354,-1.4738279106,-1.67957742,-1.9155936538,-2.1933539248,-2.5638667883,-3.2814736327,-5.7850469208,-26.213417088,43.2669687988,24.2213489231,21.4136797375,20.5895322978,20.2212122221,20.0029175026,19.8674134824,19.8007977268,19.8007977268,19.8674134824,20.0029175026,20.2212122221,20.5895322978,21.4136797375,24.2213489231,43.2669687988,-26.213417088,-5.7850469208,-3.2814736327,-2.5638667883,-2.1933539248,-1.9155936538,-1.67957742,-1.4738279106,-1.2943333354,-1.1382821444,-1.0030080394,-0.8859311554,-0.7846383302,-0.6969437632,-0.6209140753,-0.554867292,-0.4973565657],[-0.4930066408,-0.5496685306,-0.6146740827,-0.6894229393,-0.7755386986,-0.8748834245,-0.9895573218,-1.1218731884,-1.2742957175,-1.4493554459,-1.6496583256,-1.8786463136,-2.1452670167,-2.4875076834,-3.0879830217,-4.9048001028,-15.6266789931,74.2575124775,26.3739476771,22.001901099,20.8458581223,20.3886753371,20.145322527,20.0029175026,19.9346293792,19.9346293792,20.0029175026,20.145322527,20.3886753371,20.8458581223,22.001901099,26.3739476771,74.2575124775,-15.6266789931,-4.9048001028,-3.0879830217,-2.4875076834,-2.1452670167,-1.8786463136,-1.6496583256,-1.4493554459,-1.2742957175,-1.1218731884,-0.9895573218,-0.8748834245,-0.7755386986,-0.6894229393,-0.6146740827,-0.5496685306,-0.4930066408],[-0.4865974664,-0.5420179991,-0.605503317,-0.6783853433,-0.7622041305,-0.8587199119,-0.9699109388,-1.097947361,-1.2451310071,-1.4138042583,-1.6063079641,-1.825428183,-2.077394032,-2.386775526,-2.8660988722,-4.0565858247,-9.196981147,-137.3531353737,32.9165692447,23.4743466999,21.4136797375,20.7089775285,20.3886753371,20.2212122221,20.145322527,20.145322527,20.2212122221,20.3886753371,20.7089775285,21.4136797375,23.4743466999,32.9165692447,-137.3531353737,-9.196981147,-4.0565858247,-2.8660988722,-2.386775526,-2.077394032,-1.825428183,-1.6063079641,-1.4138042583,-1.2451310071,-1.097947361,-0.9699109388,-0.8587199119,-0.7622041305,-0.6783853433,-0.605503317,-0.5420179991,-0.4865974664],[-0.4782616559,-0.5320843644,-0.5936173095,-0.6641075637,-0.7449908443,-0.8379006243,-0.9446638175,-1.0672741368,-1.2078331791,-1.3684570789,-1.5511937589,-1.7582104846,-1.9934337345,-2.2707223098,-2.6501283098,-3.3972376942,-5.7850469208,-19.7667775437,74.2575124775,27.9478286985,22.8768137122,21.4136797375,20.8458581223,20.5895322978,20.4837723183,20.4837723183,20.5895322978,20.8458581223,21.4136797375,22.8768137122,27.9478286985,74.2575124775,-19.7667775437,-5.7850469208,-3.3972376942,-2.6501283098,-2.2707223098,-1.9934337345,-1.7582104846,-1.5511937589,-1.3684570789,-1.2078331791,-1.0672741368,-0.9446638175,-0.8379006243,-0.7449908443,-0.6641075637,-0.5936173095,-0.5320843644,-0.4782616559],[-0.4681661829,-0.5200792097,-0.5792853679,-0.6469337608,-0.7243401528,-0.8129928952,-0.9145463423,-1.0307938611,-1.1636111442,-1.3148643642,-1.4863037046,-1.67957742,-1.8969662093,-2.1452670167,-2.4523105977,-2.9328061394,-4.0565858247,-8.0236762543,-37.381998114,53.6948498014,27.9478286985,23.4743466999,22.001901099,21.4136797375,21.1916905426,21.1916905426,21.4136797375,22.001901099,23.4743466999,27.9478286985,53.6948498014,-37.381998114,-8.0236762543,-4.0565858247,-2.9328061394,-2.4523105977,-2.1452670167,-1.8969662093,-1.67957742,-1.4863037046,-1.3148643642,-1.1636111442,-1.0307938611,-0.9145463423,-0.8129928952,-0.7243401528,-0.6469337608,-0.5792853679,-0.5200792097,-0.4681661829],[-0.4565049913,-0.5062471272,-0.5628172381,-0.62725765,-0.7007540723,-0.7846383302,-0.8803795976,-0.9895573218,-1.1138075924,-1.254736155,-1.4138042583,-1.5922490721,-1.7913108203,-2.0138020206,-2.2707223098,-2.6055886194,-3.1791004485,-4.5727562012,-9.196981147,-37.381998114,74.2575124775,32.9165692447,26.3739476771,24.2213489231,23.4743466999,23.4743466999,24.2213489231,26.3739476771,32.9165692447,74.2575124775,-37.381998114,-9.196981147,-4.5727562012,-3.1791004485,-2.6055886194,-2.2707223098,-2.0138020206,-1.7913108203,-1.5922490721,-1.4138042583,-1.254736155,-1.1138075924,-0.9895573218,-0.8803795976,-0.7846383302,-0.7007540723,-0.62725765,-0.5628172381,-0.5062471272,-0.4565049913],[-0.4434909106,-0.4908549723,-0.544548768,-0.605503317,-0.6747695961,-0.7535182819,-0.8430290642,-0.9446638175,-1.0598166446,-1.1898340836,-1.3359047797,-1.4989429506,-1.67957742,-1.8786463136,-2.0995023453,-2.3560876076,-2.6979052459,-3.2814736327,-4.5727562012,-8.0236762543,-19.7667775437,-137.3531353737,74.2575124775,43.2669687988,37.0249934941,37.0249934941,43.2669687988,74.2575124775,-137.3531353737,-19.7667775437,-8.0236762543,-4.5727562012,-3.2814736327,-2.6979052459,-2.3560876076,-2.0995023453,-1.8786463136,-1.67957742,-1.4989429506,-1.3359047797,-1.1898340836,-1.0598166446,-0.9446638175,-0.8430290642,-0.7535182819,-0.6747695961,-0.605503317,-0.544548768,-0.4908549723,-0.4434909106],[-0.4293474391,-0.4741810592,-0.5248276585,-0.5821063835,-0.6469337608,-0.7203208234,-0.8033609042,-0.8972034308,-1.0030080394,-1.1218731884,-1.254736155,-1.4022522341,-1.5646955085,-1.7420249403,-1.9345404699,-2.1452670167,-2.386775526,-2.6979052459,-3.1791004485,-4.0565858247,-5.7850469208,-9.196981147,-15.6266789931,-26.213417088,-37.381998114,-37.381998114,-26.213417088,-15.6266789931,-9.196981147,-5.7850469208,-4.0565858247,-3.1791004485,-2.6979052459,-2.386775526,-2.1452670167,-1.9345404699,-1.7420249403,-1.5646955085,-1.4022522341,-1.254736155,-1.1218731884,-1.0030080394,-0.8972034308,-0.8033609042,-0.7203208234,-0.6469337608,-0.5821063835,-0.5248276585,-0.4741810592,-0.4293474391],[-0.4143009006,-0.4565049913,-0.5040002513,-0.5574968197,-0.6177812759,-0.6857116393,-0.7622041305,-0.8482079783,-0.9446638175,-1.0524410419,-1.1722507846,-1.3045361899,-1.4493554459,-1.6063079641,-1.7746369863,-1.9538196368,-2.1452670167,-2.3560876076,-2.6055886194,-2.9328061394,-3.3972376942,-4.0565858247,-4.9048001028,-5.7850469208,-6.3749364758,-6.3749364758,-5.7850469208,-4.9048001028,-4.0565858247,-3.3972376942,-2.9328061394,-2.6055886194,-2.3560876076,-2.1452670167,-1.9538196368,-1.7746369863,-1.6063079641,-1.4493554459,-1.3045361899,-1.1722507846,-1.0524410419,-0.9446638175,-0.8482079783,-0.7622041305,-0.6857116393,-0.6177812759,-0.5574968197,-0.5040002513,-0.4565049913,-0.4143009006],[-0.3985733913,-0.4380986761,-0.482400081,-0.5320843644,-0.58781598,-0.6503104917,-0.7203208234,-0.7986134497,-0.8859311554,-0.9829388957,-1.0901500764,-1.2078331791,-1.3359047797,-1.4738279106,-1.6205598612,-1.7746369863,-1.9345404699,-2.0995023453,-2.2707223098,-2.4523105977,-2.6501283098,-2.8660988722,-3.0879830217,-3.2814736327,-3.3972376942,-3.3972376942,-3.2814736327,-3.0879830217,-2.8660988722,-2.6501283098,-2.4523105977,-2.2707223098,-2.0995023453,-1.9345404699,-1.7746369863,-1.6205598612,-1.4738279106,-1.3359047797,-1.2078331791,-1.0901500764,-0.9829388957,-0.8859311554,-0.7986134497,-0.7203208234,-0.6503104917,-0.58781598,-0.5320843644,-0.482400081,-0.4380986761,-0.3985733913],[-0.3823768122,-0.419218899,-0.4603386561,-0.5062471272,-0.5574968197,-0.6146740827,-0.6783853433,-0.7492350067,-0.8277925486,-0.9145463423,-1.0098423702,-1.1138075924,-1.2262610102,-1.3466211785,-1.4738279106,-1.6063079641,-1.7420249403,-1.8786463136,-2.0138020206,-2.1452670167,-2.2707223098,-2.386775526,-2.4875076834,-2.5638667883,-2.6055886194,-2.6055886194,-2.5638667883,-2.4875076834,-2.386775526,-2.2707223098,-2.1452670167,-2.0138020206,-1.8786463136,-1.7420249403,-1.6063079641,-1.4738279106,-1.3466211785,-1.2262610102,-1.1138075924,-1.0098423702,-0.9145463423,-0.8277925486,-0.7492350067,-0.6783853433,-0.6146740827,-0.5574968197,-0.5062471272,-0.4603386561,-0.419218899,-0.3823768122],[-0.3659081565,-0.4001016454,-0.4380986761,-0.4803235698,-0.5272285065,-0.5792853679,-0.6369723997,-0.7007540723,-0.7710523858,-0.8482079783,-0.9324299146,-1.0237342074,-1.1218731884,-1.2262610102,-1.3359047797,-1.4493554459,-1.5646955085,-1.67957742,-1.7913108203,-1.8969662093,-1.9934337345,-2.077394032,-2.1452670167,-2.1933539248,-2.2183856925,-2.2183856925,-2.1933539248,-2.1452670167,-2.077394032,-1.9934337345,-1.8969662093,-1.7913108203,-1.67957742,-1.5646955085,-1.4493554459,-1.3359047797,-1.2262610102,-1.1218731884,-1.0237342074,-0.9324299146,-0.8482079783,-0.7710523858,-0.7007540723,-0.6369723997,-0.5792853679,-0.5272285065,-0.4803235698,-0.4380986761,-0.4001016454,-0.3659081565],[-0.3493461023,-0.3809581991,-0.4159296552,-0.4546077458,-0.4973565657,-0.544548768,-0.5965530043,-0.6537159029,-0.7163373905,-0.7846383302,-0.8587199119,-0.9385151398,-1.0237342074,-1.1138075924,-1.2078331791,-1.3045361899,-1.4022522341,-1.4989429506,-1.5922490721,-1.67957742,-1.7582104846,-1.825428183,-1.8786463136,-1.9155936538,-1.9345404699,-1.9345404699,-1.9155936538,-1.8786463136,-1.825428183,-1.7582104846,-1.67957742,-1.5922490721,-1.4989429506,-1.4022522341,-1.3045361899,-1.2078331791,-1.1138075924,-1.0237342074,-0.9385151398,-0.8587199119,-0.7846383302,-0.7163373905,-0.6537159029,-0.5965530043,-0.544548768,-0.4973565657,-0.4546077458,-0.4159296552,-0.3809581991,-0.3493461023],[-0.332848864,-0.3619729069,-0.3940457497,-0.4293474391,-0.4681661829,-0.5107903257,-0.5574968197,-0.6085353817,-0.6641075637,-0.7243401528,-0.7892527281,-0.8587199119,-0.9324299146,-1.0098423702,-1.0901500764,-1.1722507846,-1.254736155,-1.3359047797,-1.4138042583,-1.4863037046,-1.5511937589,-1.6063079641,-1.6496583256,-1.67957742,-1.6948558053,-1.6948558053,-1.67957742,-1.6496583256,-1.6063079641,-1.5511937589,-1.4863037046,-1.4138042583,-1.3359047797,-1.254736155,-1.1722507846,-1.0901500764,-1.0098423702,-0.9324299146,-0.8587199119,-0.7892527281,-0.7243401528,-0.6641075637,-0.6085353817,-0.5574968197,-0.5107903257,-0.4681661829,-0.4293474391,-0.3940457497,-0.3619729069,-0.332848864],[-0.3165531763,-0.3433024068,-0.3726254631,-0.4047446978,-0.4398840794,-0.4782616559,-0.5200792097,-0.5655085651,-0.6146740827,-0.6676310658,-0.7243401528,-0.7846383302,-0.8482079783,-0.9145463423,-0.9829388957,-1.0524410419,-1.1218731884,-1.1898340836,-1.254736155,-1.3148643642,-1.3684570789,-1.4138042583,-1.4493554459,-1.4738279106,-1.4863037046,-1.4863037046,-1.4738279106,-1.4493554459,-1.4138042583,-1.3684570789,-1.3148643642,-1.254736155,-1.1898340836,-1.1218731884,-1.0524410419,-0.9829388957,-0.9145463423,-0.8482079783,-0.7846383302,-0.7243401528,-0.6676310658,-0.6146740827,-0.5655085651,-0.5200792097,-0.4782616559,-0.4398840794,-0.4047446978,-0.3726254631,-0.3433024068,-0.3165531763],[-0.3005742418,-0.3250760611,-0.3518128464,-0.3809581991,-0.4126825992,-0.4471465199,-0.4844913318,-0.5248276585,-0.5682209329,-0.6146740827,-0.6641075637,-0.7163373905,-0.7710523858,-0.8277925486,-0.8859311554,-0.9446638175,-1.0030080394,-1.0598166446,-1.1138075924,-1.1636111442,-1.2078331791,-1.2451310071,-1.2742957175,-1.2943333354,-1.3045361899,-1.3045361899,-1.2943333354,-1.2742957175,-1.2451310071,-1.2078331791,-1.1636111442,-1.1138075924,-1.0598166446,-1.0030080394,-0.9446638175,-0.8859311554,-0.8277925486,-0.7710523858,-0.7163373905,-0.6641075637,-0.6146740827,-0.5682209329,-0.5248276585,-0.4844913318,-0.4471465199,-0.4126825992,-0.3809581991,-0.3518128464,-0.3250760611,-0.3005742418],[-0.2850064475,-0.3073973157,-0.3317197944,-0.3581068876,-0.386685233,-0.4175689566,-0.4508518201,-0.4865974664,-0.5248276585,-0.5655085651,-0.6085353817,-0.6537159029,-0.7007540723,-0.7492350067,-0.7986134497,-0.8482079783,-0.8972034308,-0.9446638175,-0.9895573218,-1.0307938611,-1.0672741368,-1.097947361,-1.1218731884,-1.1382821444,-1.1466282996,-1.1466282996,-1.1382821444,-1.1218731884,-1.097947361,-1.0672741368,-1.0307938611,-0.9895573218,-0.9446638175,-0.8972034308,-0.8482079783,-0.7986134497,-0.7492350067,-0.7007540723,-0.6537159029,-0.6085353817,-0.5655085651,-0.5248276585,-0.4865974664,-0.4508518201,-0.4175689566,-0.386685233,-0.3581068876,-0.3317197944,-0.3073973157,-0.2850064475],[-0.2699246533,-0.2903457147,-0.3124290706,-0.3362743863,-0.3619729069,-0.3896020825,-0.419218899,-0.4508518201,-0.4844913318,-0.5200792097,-0.5574968197,-0.5965530043,-0.6369723997,-0.6783853433,-0.7203208234,-0.7622041305,-0.8033609042,-0.8430290642,-0.8803795976,-0.9145463423,-0.9446638175,-0.9699109388,-0.9895573218,-1.0030080394,-1.0098423702,-1.0098423702,-1.0030080394,-0.9895573218,-0.9699109388,-0.9446638175,-0.9145463423,-0.8803795976,-0.8430290642,-0.8033609042,-0.7622041305,-0.7203208234,-0.6783853433,-0.6369723997,-0.5965530043,-0.5574968197,-0.5200792097,-0.4844913318,-0.4508518201,-0.419218899,-0.3896020825,-0.3619729069,-0.3362743863,-0.3124290706,-0.2903457147,-0.2699246533],[-0.2553858712,-0.273979325,-0.2939977362,-0.3155137597,-0.3385904979,-0.3632768804,-0.3896020825,-0.4175689566,-0.4471465199,-0.4782616559,-0.5107903257,-0.544548768,-0.5792853679,-0.6146740827,-0.6503104917,-0.6857116393,-0.7203208234,-0.7535182819,-0.7846383302,-0.8129928952,-0.8379006243,-0.8587199119,-0.8748834245,-0.8859311554,-0.8915388463,-0.8915388463,-0.8859311554,-0.8748834245,-0.8587199119,-0.8379006243,-0.8129928952,-0.7846383302,-0.7535182819,-0.7203208234,-0.6857116393,-0.6503104917,-0.6146740827,-0.5792853679,-0.544548768,-0.5107903257,-0.4782616559,-0.4471465199,-0.4175689566,-0.3896020825,-0.3632768804,-0.3385904979,-0.3155137597,-0.2939977362,-0.273979325,-0.2553858712],[-0.241431172,-0.2583373665,-0.276460722,-0.2958523032,-0.3165531763,-0.3385904979,-0.3619729069,-0.386685233,-0.4126825992,-0.4398840794,-0.4681661829,-0.4973565657,-0.5272285065,-0.5574968197,-0.58781598,-0.6177812759,-0.6469337608,-0.6747695961,-0.7007540723,-0.7243401528,-0.7449908443,-0.7622041305,-0.7755386986,-0.7846383302,-0.7892527281,-0.7892527281,-0.7846383302,-0.7755386986,-0.7622041305,-0.7449908443,-0.7243401528,-0.7007540723,-0.6747695961,-0.6469337608,-0.6177812759,-0.58781598,-0.5574968197,-0.5272285065,-0.4973565657,-0.4681661829,-0.4398840794,-0.4126825992,-0.386685233,-0.3619729069,-0.3385904979,-0.3165531763,-0.2958523032,-0.276460722,-0.2583373665,-0.241431172],[-0.2280876891,-0.2434428807,-0.2598343444,-0.277296122,-0.2958523032,-0.3155137597,-0.3362743863,-0.3581068876,-0.3809581991,-0.4047446978,-0.4293474391,-0.4546077458,-0.4803235698,-0.5062471272,-0.5320843644,-0.5574968197,-0.5821063835,-0.605503317,-0.62725765,-0.6469337608,-0.6641075637,-0.6783853433,-0.6894229393,-0.6969437632,-0.7007540723,-0.7007540723,-0.6969437632,-0.6894229393,-0.6783853433,-0.6641075637,-0.6469337608,-0.62725765,-0.605503317,-0.5821063835,-0.5574968197,-0.5320843644,-0.5062471272,-0.4803235698,-0.4546077458,-0.4293474391,-0.4047446978,-0.3809581991,-0.3581068876,-0.3362743863,-0.3155137597,-0.2958523032,-0.277296122,-0.2598343444,-0.2434428807,-0.2280876891],[-0.2153706144,-0.2293053184,-0.2441196243,-0.2598343444,-0.276460722,-0.2939977362,-0.3124290706,-0.3317197944,-0.3518128464,-0.3726254631,-0.3940457497,-0.4159296552,-0.4380986761,-0.4603386561,-0.482400081,-0.5040002513,-0.5248276585,-0.544548768,-0.5628172381,-0.5792853679,-0.5936173095,-0.605503317,-0.6146740827,-0.6209140753,-0.6240727692,-0.6240727692,-0.6209140753,-0.6146740827,-0.605503317,-0.5936173095,-0.5792853679,-0.5628172381,-0.544548768,-0.5248276585,-0.5040002513,-0.482400081,-0.4603386561,-0.4380986761,-0.4159296552,-0.3940457497,-0.3726254631,-0.3518128464,-0.3317197944,-0.3124290706,-0.2939977362,-0.276460722,-0.2598343444,-0.2441196243,-0.2293053184,-0.2153706144],[-0.2032851105,-0.2159229591,-0.2293053184,-0.2434428807,-0.2583373665,-0.273979325,-0.2903457147,-0.3073973157,-0.3250760611,-0.3433024068,-0.3619729069,-0.3809581991,-0.4001016454,-0.419218899,-0.4380986761,-0.4565049913,-0.4741810592,-0.4908549723,-0.5062471272,-0.5200792097,-0.5320843644,-0.5420179991,-0.5496685306,-0.554867292,-0.5574968197,-0.5574968197,-0.554867292,-0.5496685306,-0.5420179991,-0.5320843644,-0.5200792097,-0.5062471272,-0.4908549723,-0.4741810592,-0.4565049913,-0.4380986761,-0.419218899,-0.4001016454,-0.3809581991,-0.3619729069,-0.3433024068,-0.3250760611,-0.3073973157,-0.2903457147,-0.273979325,-0.2583373665,-0.2434428807,-0.2293053184,-0.2159229591,-0.2032851105],[-0.1918280873,-0.2032851105,-0.2153706144,-0.2280876891,-0.241431172,-0.2553858712,-0.2699246533,-0.2850064475,-0.3005742418,-0.3165531763,-0.332848864,-0.3493461023,-0.3659081565,-0.3823768122,-0.3985733913,-0.4143009006,-0.4293474391,-0.4434909106,-0.4565049913,-0.4681661829,-0.4782616559,-0.4865974664,-0.4930066408,-0.4973565657,-0.4995551307,-0.4995551307,-0.4973565657,-0.4930066408,-0.4865974664,-0.4782616559,-0.4681661829,-0.4565049913,-0.4434909106,-0.4293474391,-0.4143009006,-0.3985733913,-0.3823768122,-0.3659081565,-0.3493461023,-0.332848864,-0.3165531763,-0.3005742418,-0.2850064475,-0.2699246533,-0.2553858712,-0.241431172,-0.2280876891,-0.2153706144,-0.2032851105,-0.1918280873]]}