{"columns":[0,1,2,3,4,5,6,7,8,9,10,11,12,13,14,15,16,17,18,19,20,21,22,23,24,25,26,27,28,29,30,31,32,33,34,35,36,37,38,39,40,41,42,43,44,45,46,47,48,49],"index":[0,1,2,3,4,5,6,7,8,9,10,11,12,13,14,15,16,17,18,19,20,21,22,23,24,25,26,27,28,29,30,31,32,33,34,35,36,37,38,39,40,41,42,43,44,45,46,47,48,49],"data":[[-0.2725184862,-0.2889782,-0.3063608813,-0.3246740011,-0.3439132745,-0.3640600179,-0.3850782794,-0.4069118156,-0.4294810222,-0.452679971,-0.4763737464,-0.5003963274,-0.5245492921,-0.5486016524,-0.5722911255,-0.5953271223,-0.617395662,-0.6381663142,-0.6573011129,-0.6744652038,-0.6893387827,-0.7016296886,-0.7110858609,-0.7175067778,-0.7207529936,-0.7207529936,-0.7175067778,-0.7110858609,-0.7016296886,-0.6893387827,-0.6744652038,-0.6573011129,-0.6381663142,-0.617395662,-0.5953271223,-0.5722911255,-0.5486016524,-0.5245492921,-0.5003963274,-0.4763737464,-0.452679971,-0.4294810222,-0.4069118156,-0.3850782794,-0.3640600179,-0.3439132745,-0.3246740011,-0.3063608813,-0.2889782,-0.2725184862],[-0.2889782,-0.3071558126,-0.3264286171,-0.3468159811,-0.3683245757,-0.3909451066,-0.4146486851,-0.4393829093,-0.465067775,-0.4915915901,-0.5188071359,-0.5465283841,-0.5745281441,-0.6025370613,-0.6302444115,-0.6573011129,-0.683325302,-0.707910679,-0.7306376221,-0.7510868105,-0.7688547992,-0.7835707012,-0.7949128873,-0.8026244649,-0.8065262741,-0.8065262741,-0.8026244649,-0.7949128873,-0.7835707012,-0.7688547992,-0.7510868105,-0.7306376221,-0.707910679,-0.683325302,-0.6573011129,-0.6302444115,-0.6025370613,-0.5745281441,-0.5465283841,-0.5188071359,-0.4915915901,-0.465067775,-0.4393829093,-0.4146486851,-0.3909451066,-0.3683245757,-0.3468159811,-0.3264286171,-0.3071558126,-0.2889782],[-0.3063608813,-0.3264286171,-0.3477925835,-0.3704879836,-0.3945366117,-0.4199428545,-0.4466891487,-0.4747309561,-0.503991376,-0.534355595,-0.565665462,-0.597714581,-0.6302444115,-0.6629419548,-0.6954396582,-0.7273181658,-0.7581124693,-0.787321836,-0.8144236197,-0.8388906948,-0.8602118244,-0.8779138432,-0.8915841515,-0.900891773,-0.9056051689,-0.9056051689,-0.900891773,-0.8915841515,-0.8779138432,-0.8602118244,-0.8388906948,-0.8144236197,-0.787321836,-0.7581124693,-0.7273181658,-0.6954396582,-0.6629419548,-0.6302444115,-0.597714581,-0.565665462,-0.534355595,-0.503991376,-0.4747309561,-0.4466891487,-0.4199428545,-0.3945366117,-0.3704879836,-0.3477925835,-0.3264286171,-0.3063608813],[-0.3246740011,-0.3468159811,-0.3704879836,-0.3957459336,-0.4226320205,-0.4511698644,-0.4813588943,-0.5131679735,-0.5465283841,-0.5813263823,-0.617395662,-0.6545102098,-0.6923781871,-0.7306376221,-0.7688547992,-0.8065262741,-0.8430853751,-0.8779138432,-0.9103589086,-0.9397555856,-0.9654533581,-0.9868457691,-1.0034008459,-1.0146898844,-1.0204119902,-1.0204119902,-1.0146898844,-1.0034008459,-0.9868457691,-0.9654533581,-0.9397555856,-0.9103589086,-0.8779138432,-0.8430853751,-0.8065262741,-0.7688547992,-0.7306376221,-0.6923781871,-0.6545102098,-0.617395662,-0.5813263823,-0.5465283841,-0.5131679735,-0.4813588943,-0.4511698644,-0.4226320205,-0.3957459336,-0.3704879836,-0.3468159811,-0.3246740011],[-0.3439132745,-0.3683245757,-0.3945366117,-0.4226320205,-0.452679971,-0.4847303995,-0.5188071359,-0.5548999113,-0.5929553262,-0.6328669897,-0.6744652038,-0.7175067778,-0.7616657803,-0.8065262741,-0.8515782709,-0.8962182538,-0.9397555856,-0.9814258847,-1.0204119902,-1.055872429,-1.0869764098,-1.1129433916,-1.133084371,-1.1468413784,-1.1538214267,-1.1538214267,-1.1468413784,-1.133084371,-1.1129433916,-1.0869764098,-1.055872429,-1.0204119902,-0.9814258847,-0.9397555856,-0.8962182538,-0.8515782709,-0.8065262741,-0.7616657803,-0.7175067778,-0.6744652038,-0.6328669897,-0.5929553262,-0.5548999113,-0.5188071359,-0.4847303995,-0.452679971,-0.4226320205,-0.3945366117,-0.3683245757,-0.3439132745],[-0.3640600179,-0.3909451066,-0.4199428545,-0.4511698644,-0.4847303995,-0.5207096163,-0.5591652757,-0.6001178457,-0.6435390135,-0.6893387827,-0.7373515493,-0.787321836,-0.8388906948,-0.8915841515,-0.944805394,-0.9978326433,-1.0498246882,-1.0998358284,-1.1468413784,-1.1897739173,-1.2275691863,-1.2592190829,-1.2838278144,-1.3006662299,-1.3092189077,-1.3092189077,-1.3006662299,-1.2838278144,-1.2592190829,-1.2275691863,-1.1897739173,-1.1468413784,-1.0998358284,-1.0498246882,-0.9978326433,-0.944805394,-0.8915841515,-0.8388906948,-0.787321836,-0.7373515493,-0.6893387827,-0.6435390135,-0.6001178457,-0.5591652757,-0.5207096163,-0.4847303995,-0.4511698644,-0.4199428545,-0.3909451066,-0.3640600179],[-0.3850782794,-0.4146486851,-0.4466891487,-0.4813588943,-0.5188071359,-0.5591652757,-0.6025370613,-0.6489864972,-0.6985234173,-0.7510868105,-0.8065262741,-0.8645823479,-0.9248669613,-0.9868457691,-1.0498246882,-1.1129433916,-1.175178699,-1.2353606054,-1.2922029494,-1.3443494053,-1.3904336411,-1.4291503274,-1.4593315764,-1.4800217471,-1.4905428016,-1.4905428016,-1.4800217471,-1.4593315764,-1.4291503274,-1.3904336411,-1.3443494053,-1.2922029494,-1.2353606054,-1.175178699,-1.1129433916,-1.0498246882,-0.9868457691,-0.9248669613,-0.8645823479,-0.8065262741,-0.7510868105,-0.6985234173,-0.6489864972,-0.6025370613,-0.5591652757,-0.5188071359,-0.4813588943,-0.4466891487,-0.4146486851,-0.3850782794],[-0.4069118156,-0.4393829093,-0.4747309561,-0.5131679735,-0.5548999113,-0.6001178457,-0.6489864972,-0.7016296886,-0.7581124693,-0.8184198445,-0.8824323899,-0.9498995383,-1.0204119902,-1.0933755016,-1.1679891556,-1.2432319845,-1.3178622567,-1.3904336411,-1.4593315764,-1.5228313758,-1.5791769615,-1.6266759472,-1.6638035995,-1.6893056939,-1.7022890523,-1.7022890523,-1.6893056939,-1.6638035995,-1.6266759472,-1.5791769615,-1.5228313758,-1.4593315764,-1.3904336411,-1.3178622567,-1.2432319845,-1.1679891556,-1.0933755016,-1.0204119902,-0.9498995383,-0.8824323899,-0.8184198445,-0.7581124693,-0.7016296886,-0.6489864972,-0.6001178457,-0.5548999113,-0.5131679735,-0.4747309561,-0.4393829093,-0.4069118156],[-0.4294810222,-0.465067775,-0.503991376,-0.5465283841,-0.5929553262,-0.6435390135,-0.6985234173,-0.7581124693,-0.8224482376,-0.8915841515,-0.9654533581,-1.0438329404,-1.1263056387,-1.2122218798,-1.3006662299,-1.3904336411,-1.4800217471,-1.5676455762,-1.6512800095,-1.7287328772,-1.7977478083,-1.8561312886,-1.9018936413,-1.9333898615,-1.9494443653,-1.9494443653,-1.9333898615,-1.9018936413,-1.8561312886,-1.7977478083,-1.7287328772,-1.6512800095,-1.5676455762,-1.4800217471,-1.3904336411,-1.3006662299,-1.2122218798,-1.1263056387,-1.0438329404,-0.9654533581,-0.8915841515,-0.8224482376,-0.7581124693,-0.6985234173,-0.6435390135,-0.5929553262,-0.5465283841,-0.503991376,-0.465067775,-0.4294810222],[-0.452679971,-0.4915915901,-0.534355595,-0.5813263823,-0.6328669897,-0.6893387827,-0.7510868105,-0.8184198445,-0.8915841515,-0.9707302585,-1.055872429,-1.1468413784,-1.2432319845,-1.3443494053,-1.449158984,-1.5562473377,-1.6638035995,-1.7696302962,-1.8711921457,-1.9657077288,-2.0502835694,-2.1220833454,-2.1785180169,-2.2174371746,-2.2372992565,-2.2372992565,-2.2174371746,-2.1785180169,-2.1220833454,-2.0502835694,-1.9657077288,-1.8711921457,-1.7696302962,-1.6638035995,-1.5562473377,-1.449158984,-1.3443494053,-1.2432319845,-1.1468413784,-1.055872429,-0.9707302585,-0.8915841515,-0.8184198445,-0.7510868105,-0.6893387827,-0.6328669897,-0.5813263823,-0.534355595,-0.4915915901,-0.452679971],[-0.4763737464,-0.5188071359,-0.565665462,-0.617395662,-0.6744652038,-0.7373515493,-0.8065262741,-0.8824323899,-0.9654533581,-1.055872429,-1.1538214267,-1.2592190829,-1.3717006452,-1.4905428016,-1.6145908878,-1.7421984821,-1.8711921457,-1.9988752365,-2.1220833454,-2.2372992565,-2.3408274693,-2.4290183899,-2.4985224083,-2.546546615,-2.5710836407,-2.5710836407,-2.546546615,-2.4985224083,-2.4290183899,-2.3408274693,-2.2372992565,-2.1220833454,-1.9988752365,-1.8711921457,-1.7421984821,-1.6145908878,-1.4905428016,-1.3717006452,-1.2592190829,-1.1538214267,-1.055872429,-0.9654533581,-0.8824323899,-0.8065262741,-0.7373515493,-0.6744652038,-0.617395662,-0.565665462,-0.5188071359,-0.4763737464],[-0.5003963274,-0.5465283841,-0.597714581,-0.6545102098,-0.7175067778,-0.787321836,-0.8645823479,-0.9498995383,-1.0438329404,-1.1468413784,-1.2592190829,-1.381016291,-1.5119457801,-1.6512800095,-1.7977478083,-1.9494443653,-2.1037725724,-2.2574359718,-2.4065018984,-2.546546615,-2.6728823831,-2.780851674,-2.8661603941,-2.9252142822,-2.9554209533,-2.9554209533,-2.9252142822,-2.8661603941,-2.780851674,-2.6728823831,-2.546546615,-2.4065018984,-2.2574359718,-2.1037725724,-1.9494443653,-1.7977478083,-1.6512800095,-1.5119457801,-1.381016291,-1.2592190829,-1.1468413784,-1.0438329404,-0.9498995383,-0.8645823479,-0.787321836,-0.7175067778,-0.6545102098,-0.597714581,-0.5465283841,-0.5003963274],[-0.5245492921,-0.5745281441,-0.6302444115,-0.6923781871,-0.7616657803,-0.8388906948,-0.9248669613,-1.0204119902,-1.1263056387,-1.2432319845,-1.3717006452,-1.5119457801,-1.6638035995,-1.826573637,-1.9988752365,-2.1785180169,-2.3624119479,-2.546546615,-2.7260672029,-2.8954636521,-3.0488680095,-3.1804282003,-3.2847113087,-3.3571045768,-3.3942101884,-3.3942101884,-3.3571045768,-3.2847113087,-3.1804282003,-3.0488680095,-2.8954636521,-2.7260672029,-2.546546615,-2.3624119479,-2.1785180169,-1.9988752365,-1.826573637,-1.6638035995,-1.5119457801,-1.3717006452,-1.2432319845,-1.1263056387,-1.0204119902,-0.9248669613,-0.8388906948,-0.7616657803,-0.6923781871,-0.6302444115,-0.5745281441,-0.5245492921],[-0.5486016524,-0.6025370613,-0.6629419548,-0.7306376221,-0.8065262741,-0.8915841515,-0.9868457691,-1.0933755016,-1.2122218798,-1.3443494053,-1.4905428016,-1.6512800095,-1.826573637,-2.0157866576,-2.2174371746,-2.4290183899,-2.646871737,-2.8661603941,-3.0809912233,-3.2847113087,-3.4703349744,-3.6309402432,-3.7598435762,-3.8506554444,-3.8977898309,-3.8977898309,-3.8506554444,-3.7598435762,-3.6309402432,-3.4703349744,-3.2847113087,-3.0809912233,-2.8661603941,-2.646871737,-2.4290183899,-2.2174371746,-2.0157866576,-1.826573637,-1.6512800095,-1.4905428016,-1.3443494053,-1.2122218798,-1.0933755016,-0.9868457691,-0.8915841515,-0.8065262741,-0.7306376221,-0.6629419548,-0.6025370613,-0.5486016524],[-0.5722911255,-0.6302444115,-0.6954396582,-0.7688547992,-0.8515782709,-0.944805394,-1.0498246882,-1.1679891556,-1.3006662299,-1.449158984,-1.6145908878,-1.7977478083,-1.9988752365,-2.2174371746,-2.4518567577,-2.6992784977,-2.9554209533,-3.2146340951,-3.4703349744,-3.7159729925,-3.9462420847,-4.1570907752,-4.342305413,-4.4875512174,-4.5698501954,-4.5698501954,-4.4875512174,-4.342305413,-4.1570907752,-3.9462420847,-3.7159729925,-3.4703349744,-3.2146340951,-2.9554209533,-2.6992784977,-2.4518567577,-2.2174371746,-1.9988752365,-1.7977478083,-1.6145908878,-1.449158984,-1.3006662299,-1.1679891556,-1.0498246882,-0.944805394,-0.8515782709,-0.7688547992,-0.6954396582,-0.6302444115,-0.5722911255],[-0.5953271223,-0.6573011129,-0.7273181658,-0.8065262741,-0.8962182538,-0.9978326433,-1.1129433916,-1.2432319845,-1.3904336411,-1.5562473377,-1.7421984821,-1.9494443653,-2.1785180169,-2.4290183899,-2.6992784977,-2.9860925971,-3.2847113087,-3.5896681974,-3.8977898309,-4.2154944458,-4.5698501954,-5.0102950017,-5.5700965682,-6.1762945997,-6.5995551872,-6.5995551872,-6.1762945997,-5.5700965682,-5.0102950017,-4.5698501954,-4.2154944458,-3.8977898309,-3.5896681974,-3.2847113087,-2.9860925971,-2.6992784977,-2.4290183899,-2.1785180169,-1.9494443653,-1.7421984821,-1.5562473377,-1.3904336411,-1.2432319845,-1.1129433916,-0.9978326433,-0.8962182538,-0.8065262741,-0.7273181658,-0.6573011129,-0.5953271223],[-0.617395662,-0.683325302,-0.7581124693,-0.8430853751,-0.9397555856,-1.0498246882,-1.175178699,-1.3178622567,-1.4800217471,-1.6638035995,-1.8711921457,-2.1037725724,-2.3624119479,-2.646871737,-2.9554209533,-3.2847113087,-3.6309402432,-3.9961729097,-4.4121405297,-5.0102950017,-6.1762945997,-8.7834599284,-14.3413055712,-24.2117770855,-34.984532677,-34.984532677,-24.2117770855,-14.3413055712,-8.7834599284,-6.1762945997,-5.0102950017,-4.4121405297,-3.9961729097,-3.6309402432,-3.2847113087,-2.9554209533,-2.646871737,-2.3624119479,-2.1037725724,-1.8711921457,-1.6638035995,-1.4800217471,-1.3178622567,-1.175178699,-1.0498246882,-0.9397555856,-0.8430853751,-0.7581124693,-0.683325302,-0.617395662],[-0.6381663142,-0.707910679,-0.787321836,-0.8779138432,-0.9814258847,-1.0998358284,-1.2353606054,-1.3904336411,-1.5676455762,-1.7696302962,-1.9988752365,-2.2574359718,-2.546546615,-2.8661603941,-3.2146340951,-3.5896681974,-3.9961729097,-4.4875512174,-5.3489005283,-7.8474261912,-18.1363899469,-134.1010555219,78.8878895699,48.8190921494,43.0215253784,43.0215253784,48.8190921494,78.8878895699,-134.1010555219,-18.1363899469,-7.8474261912,-5.3489005283,-4.4875512174,-3.9961729097,-3.5896681974,-3.2146340951,-2.8661603941,-2.546546615,-2.2574359718,-1.9988752365,-1.7696302962,-1.5676455762,-1.3904336411,-1.2353606054,-1.0998358284,-0.9814258847,-0.8779138432,-0.787321836,-0.707910679,-0.6381663142],[-0.6573011129,-0.7306376221,-0.8144236197,-0.9103589086,-1.0204119902,-1.1468413784,-1.2922029494,-1.4593315764,-1.6512800095,-1.8711921457,-2.1220833454,-2.4065018984,-2.7260672029,-3.0809912233,-3.4703349744,-3.8977898309,-4.4121405297,-5.3489005283,-8.7834599284,-34.984532677,78.8878895699,39.3392238712,33.9212967344,32.3618498526,31.8608425794,31.8608425794,32.3618498526,33.9212967344,39.3392238712,78.8878895699,-34.984532677,-8.7834599284,-5.3489005283,-4.4121405297,-3.8977898309,-3.4703349744,-3.0809912233,-2.7260672029,-2.4065018984,-2.1220833454,-1.8711921457,-1.6512800095,-1.4593315764,-1.2922029494,-1.1468413784,-1.0204119902,-0.9103589086,-0.8144236197,-0.7306376221,-0.6573011129],[-0.6744652038,-0.7510868105,-0.8388906948,-0.9397555856,-1.055872429,-1.1897739173,-1.3443494053,-1.5228313758,-1.7287328772,-1.9657077288,-2.2372992565,-2.546546615,-2.8954636521,-3.2847113087,-3.7159729925,-4.2154944458,-5.0102950017,-7.8474261912,-34.984532677,58.7896690002,35.1494604086,31.8608425794,30.9324280696,30.563716648,30.4157345125,30.4157345125,30.563716648,30.9324280696,31.8608425794,35.1494604086,58.7896690002,-34.984532677,-7.8474261912,-5.0102950017,-4.2154944458,-3.7159729925,-3.2847113087,-2.8954636521,-2.546546615,-2.2372992565,-1.9657077288,-1.7287328772,-1.5228313758,-1.3443494053,-1.1897739173,-1.055872429,-0.9397555856,-0.8388906948,-0.7510868105,-0.6744652038],[-0.6893387827,-0.7688547992,-0.8602118244,-0.9654533581,-1.0869764098,-1.2275691863,-1.3904336411,-1.5791769615,-1.7977478083,-2.0502835694,-2.3408274693,-2.6728823831,-3.0488680095,-3.4703349744,-3.9462420847,-4.5698501954,-6.1762945997,-18.1363899469,78.8878895699,35.1494604086,31.4760548135,30.563716648,30.159374913,29.9307457542,29.8211356313,29.8211356313,29.9307457542,30.159374913,30.563716648,31.4760548135,35.1494604086,78.8878895699,-18.1363899469,-6.1762945997,-4.5698501954,-3.9462420847,-3.4703349744,-3.0488680095,-2.6728823831,-2.3408274693,-2.0502835694,-1.7977478083,-1.5791769615,-1.3904336411,-1.2275691863,-1.0869764098,-0.9654533581,-0.8602118244,-0.7688547992,-0.6893387827],[-0.7016296886,-0.7835707012,-0.8779138432,-0.9868457691,-1.1129433916,-1.2592190829,-1.4291503274,-1.6266759472,-1.8561312886,-2.1220833454,-2.4290183899,-2.780851674,-3.1804282003,-3.6309402432,-4.1570907752,-5.0102950017,-8.7834599284,-134.1010555219,39.3392238712,31.8608425794,30.563716648,30.0429218144,29.7128909489,29.4974331896,29.3892707352,29.3892707352,29.4974331896,29.7128909489,30.0429218144,30.563716648,31.8608425794,39.3392238712,-134.1010555219,-8.7834599284,-5.0102950017,-4.1570907752,-3.6309402432,-3.1804282003,-2.780851674,-2.4290183899,-2.1220833454,-1.8561312886,-1.6266759472,-1.4291503274,-1.2592190829,-1.1129433916,-0.9868457691,-0.8779138432,-0.7835707012,-0.7016296886],[-0.7110858609,-0.7949128873,-0.8915841515,-1.0034008459,-1.133084371,-1.2838278144,-1.4593315764,-1.6638035995,-1.9018936413,-2.1785180169,-2.4985224083,-2.8661603941,-3.2847113087,-3.7598435762,-4.342305413,-5.5700965682,-14.3413055712,78.8878895699,33.9212967344,30.9324280696,30.159374913,29.7128909489,29.3892707352,29.1707919748,29.0602233599,29.0602233599,29.1707919748,29.3892707352,29.7128909489,30.159374913,30.9324280696,33.9212967344,78.8878895699,-14.3413055712,-5.5700965682,-4.342305413,-3.7598435762,-3.2847113087,-2.8661603941,-2.4985224083,-2.1785180169,-1.9018936413,-1.6638035995,-1.4593315764,-1.2838278144,-1.133084371,-1.0034008459,-0.8915841515,-0.7949128873,-0.7110858609],[-0.7175067778,-0.8026244649,-0.900891773,-1.0146898844,-1.1468413784,-1.3006662299,-1.4800217471,-1.6893056939,-1.9333898615,-2.2174371746,-2.546546615,-2.9252142822,-3.3571045768,-3.8506554444,-4.4875512174,-6.1762945997,-24.2117770855,48.8190921494,32.3618498526,30.563716648,29.9307457542,29.4974331896,29.1707919748,28.9486852494,28.836154584,28.836154584,28.9486852494,29.1707919748,29.4974331896,29.9307457542,30.563716648,32.3618498526,48.8190921494,-24.2117770855,-6.1762945997,-4.4875512174,-3.8506554444,-3.3571045768,-2.9252142822,-2.546546615,-2.2174371746,-1.9333898615,-1.6893056939,-1.4800217471,-1.3006662299,-1.1468413784,-1.0146898844,-0.900891773,-0.8026244649,-0.7175067778],[-0.7207529936,-0.8065262741,-0.9056051689,-1.0204119902,-1.1538214267,-1.3092189077,-1.4905428016,-1.7022890523,-1.9494443653,-2.2372992565,-2.5710836407,-2.9554209533,-3.3942101884,-3.8977898309,-4.5698501954,-6.5995551872,-34.984532677,43.0215253784,31.8608425794,30.4157345125,29.8211356313,29.3892707352,29.0602233599,28.836154584,28.7226273388,28.7226273388,28.836154584,29.0602233599,29.3892707352,29.8211356313,30.4157345125,31.8608425794,43.0215253784,-34.984532677,-6.5995551872,-4.5698501954,-3.8977898309,-3.3942101884,-2.9554209533,-2.5710836407,-2.2372992565,-1.9494443653,-1.7022890523,-1.4905428016,-1.3092189077,-1.1538214267,-1.0204119902,-0.9056051689,-0.8065262741,-0.7207529936],[-0.7207529936,-0.8065262741,-0.9056051689,-1.0204119902,-1.1538214267,-1.3092189077,-1.4905428016,-1.7022890523,-1.9494443653,-2.2372992565,-2.5710836407,-2.9554209533,-3.3942101884,-3.8977898309,-4.5698501954,-6.5995551872,-34.984532677,43.0215253784,31.8608425794,30.4157345125,29.8211356313,29.3892707352,29.0602233599,28.836154584,28.7226273388,28.7226273388,28.836154584,29.0602233599,29.3892707352,29.8211356313,30.4157345125,31.8608425794,43.0215253784,-34.984532677,-6.5995551872,-4.5698501954,-3.8977898309,-3.3942101884,-2.9554209533,-2.5710836407,-2.2372992565,-1.9494443653,-1.7022890523,-1.4905428016,-1.3092189077,-1.1538214267,-1.0204119902,-0.9056051689,-0.8065262741,-0.7207529936],[-0.7175067778,-0.8026244649,-0.900891773,-1.0146898844,-1.1468413784,-1.3006662299,-1.4800217471,-1.6893056939,-1.9333898615,-2.2174371746,-2.546546615,-2.9252142822,-3.3571045768,-3.8506554444,-4.4875512174,-6.1762945997,-24.2117770855,48.8190921494,32.3618498526,30.563716648,29.9307457542,29.4974331896,29.1707919748,28.9486852494,28.836154584,28.836154584,28.9486852494,29.1707919748,29.4974331896,29.9307457542,30.563716648,32.3618498526,48.8190921494,-24.2117770855,-6.1762945997,-4.4875512174,-3.8506554444,-3.3571045768,-2.9252142822,-2.546546615,-2.2174371746,-1.9333898615,-1.6893056939,-1.4800217471,-1.3006662299,-1.1468413784,-1.0146898844,-0.900891773,-0.8026244649,-0.7175067778],[-0.7110858609,-0.7949128873,-0.8915841515,-1.0034008459,-1.133084371,-1.2838278144,-1.4593315764,-1.6638035995,-1.9018936413,-2.1785180169,-2.4985224083,-2.8661603941,-3.2847113087,-3.7598435762,-4.342305413,-5.5700965682,-14.3413055712,78.8878895699,33.9212967344,30.9324280696,30.159374913,29.7128909489,29.3892707352,29.1707919748,29.0602233599,29.0602233599,29.1707919748,29.3892707352,29.7128909489,30.159374913,30.9324280696,33.9212967344,78.8878895699,-14.3413055712,-5.5700965682,-4.342305413,-3.7598435762,-3.2847113087,-2.8661603941,-2.4985224083,-2.1785180169,-1.9018936413,-1.6638035995,-1.4593315764,-1.2838278144,-1.133084371,-1.0034008459,-0.8915841515,-0.7949128873,-0.7110858609],[-0.7016296886,-0.7835707012,-0.8779138432,-0.9868457691,-1.1129433916,-1.2592190829,-1.4291503274,-1.6266759472,-1.8561312886,-2.1220833454,-2.4290183899,-2.780851674,-3.1804282003,-3.6309402432,-4.1570907752,-5.0102950017,-8.7834599284,-134.1010555219,39.3392238712,31.8608425794,30.563716648,30.0429218144,29.7128909489,29.4974331896,29.3892707352,29.3892707352,29.4974331896,29.7128909489,30.0429218144,30.563716648,31.8608425794,39.3392238712,-134.1010555219,-8.7834599284,-5.0102950017,-4.1570907752,-3.6309402432,-3.1804282003,-2.780851674,-2.4290183899,-2.1220833454,-1.8561312886,-1.6266759472,-1.4291503274,-1.2592190829,-1.1129433916,-0.9868457691,-0.8779138432,-0.7835707012,-0.7016296886],[-0.6893387827,-0.7688547992,-0.8602118244,-0.9654533581,-1.0869764098,-1.2275691863,-1.3904336411,-1.5791769615,-1.7977478083,-2.0502835694,-2.3408274693,-2.6728823831,-3.0488680095,-3.4703349744,-3.9462420847,-4.5698501954,-6.1762945997,-18.1363899469,78.8878895699,35.1494604086,31.4760548135,30.563716648,30.159374913,29.9307457542,29.8211356313,29.8211356313,29.9307457542,30.159374913,30.563716648,31.4760548135,35.1494604086,78.8878895699,-18.1363899469,-6.1762945997,-4.5698501954,-3.9462420847,-3.4703349744,-3.0488680095,-2.6728823831,-2.3408274693,-2.0502835694,-1.7977478083,-1.5791769615,-1.3904336411,-1.2275691863,-1.0869764098,-0.9654533581,-0.8602118244,-0.7688547992,-0.6893387827],[-0.6744652038,-0.7510868105,-0.8388906948,-0.9397555856,-1.055872429,-1.1897739173,-1.3443494053,-1.5228313758,-1.7287328772,-1.9657077288,-2.2372992565,-2.546546615,-2.8954636521,-3.2847113087,-3.7159729925,-4.2154944458,-5.0102950017,-7.8474261912,-34.984532677,58.7896690002,35.1494604086,31.8608425794,30.9324280696,30.563716648,30.4157345125,30.4157345125,30.563716648,30.9324280696,31.8608425794,35.1494604086,58.7896690002,-34.984532677,-7.8474261912,-5.0102950017,-4.2154944458,-3.7159729925,-3.2847113087,-2.8954636521,-2.546546615,-2.2372992565,-1.9657077288,-1.7287328772,-1.5228313758,-1.3443494053,-1.1897739173,-1.055872429,-0.9397555856,-0.8388906948,-0.7510868105,-0.6744652038],[-0.6573011129,-0.7306376221,-0.8144236197,-0.9103589086,-1.0204119902,-1.1468413784,-1.2922029494,-1.4593315764,-1.6512800095,-1.8711921457,-2.1220833454,-2.4065018984,-2.7260672029,-3.0809912233,-3.4703349744,-3.8977898309,-4.4121405297,-5.3489005283,-8.7834599284,-34.984532677,78.8878895699,39.3392238712,33.9212967344,32.3618498526,31.8608425794,31.8608425794,32.3618498526,33.9212967344,39.3392238712,78.8878895699,-34.984532677,-8.7834599284,-5.3489005283,-4.4121405297,-3.8977898309,-3.4703349744,-3.0809912233,-2.7260672029,-2.4065018984,-2.1220833454,-1.8711921457,-1.6512800095,-1.4593315764,-1.2922029494,-1.1468413784,-1.0204119902,-0.9103589086,-0.8144236197,-0.7306376221,-0.6573011129],[-0.6381663142,-0.707910679,-0.787321836,-0.8779138432,-0.9814258847,-1.0998358284,-1.2353606054,-1.3904336411,-1.5676455762,-1.7696302962,-1.9988752365,-2.2574359718,-2.546546615,-2.8661603941,-3.2146340951,-3.5896681974,-3.9961729097,-4.4875512174,-5.3489005283,-7.8474261912,-18.1363899469,-134.1010555219,78.8878895699,48.8190921494,43.0215253784,43.0215253784,48.8190921494,78.8878895699,-134.1010555219,-18.1363899469,-7.8474261912,-5.3489005283,-4.4875512174,-3.9961729097,-3.5896681974,-3.2146340951,-2.8661603941,-2.546546615,-2.2574359718,-1.9988752365,-1.7696302962,-1.5676455762,-1.3904336411,-1.2353606054,-1.0998358284,-0.9814258847,-0.8779138432,-0.787321836,-0.707910679,-0.6381663142],[-0.617395662,-0.683325302,-0.7581124693,-0.8430853751,-0.9397555856,-1.0498246882,-1.175178699,-1.3178622567,-1.4800217471,-1.6638035995,-1.8711921457,-2.1037725724,-2.3624119479,-2.646871737,-2.9554209533,-3.2847113087,-3.6309402432,-3.9961729097,-4.4121405297,-5.0102950017,-6.1762945997,-8.7834599284,-14.3413055712,-24.2117770855,-34.984532677,-34.984532677,-24.2117770855,-14.3413055712,-8.7834599284,-6.1762945997,-5.0102950017,-4.4121405297,-3.9961729097,-3.6309402432,-3.2847113087,-2.9554209533,-2.646871737,-2.3624119479,-2.1037725724,-1.8711921457,-1.6638035995,-1.4800217471,-1.3178622567,-1.175178699,-1.0498246882,-0.9397555856,-0.8430853751,-0.7581124693,-0.683325302,-0.617395662],[-0.5953271223,-0.6573011129,-0.7273181658,-0.8065262741,-0.8962182538,-0.9978326433,-1.1129433916,-1.2432319845,-1.3904336411,-1.5562473377,-1.7421984821,-1.9494443653,-2.1785180169,-2.4290183899,-2.6992784977,-2.9860925971,-3.2847113087,-3.5896681974,-3.8977898309,-4.2154944458,-4.5698501954,-5.0102950017,-5.5700965682,-6.1762945997,-6.5995551872,-6.5995551872,-6.1762945997,-5.5700965682,-5.0102950017,-4.5698501954,-4.2154944458,-3.8977898309,-3.5896681974,-3.2847113087,-2.9860925971,-2.6992784977,-2.4290183899,-2.1785180169,-1.9494443653,-1.7421984821,-1.5562473377,-1.3904336411,-1.2432319845,-1.1129433916,-0.9978326433,-0.8962182538,-0.8065262741,-0.7273181658,-0.6573011129,-0.5953271223],[-0.5722911255,-0.6302444115,-0.6954396582,-0.7688547992,-0.8515782709,-0.944805394,-1.0498246882,-1.1679891556,-1.3006662299,-1.449158984,-1.6145908878,-1.7977478083,-1.9988752365,-2.2174371746,-2.4518567577,-2.6992784977,-2.9554209533,-3.2146340951,-3.4703349744,-3.7159729925,-3.9462420847,-4.1570907752,-4.342305413,-4.4875512174,-4.5698501954,-4.5698501954,-4.4875512174,-4.342305413,-4.1570907752,-3.9462420847,-3.7159729925,-3.4703349744,-3.2146340951,-2.9554209533,-2.6992784977,-2.4518567577,-2.2174371746,-1.9988752365,-1.7977478083,-1.6145908878,-1.449158984,-1.3006662299,-1.1679891556,-1.0498246882,-0.944805394,-0.8515782709,-0.7688547992,-0.6954396582,-0.6302444115,-0.5722911255],[-0.5486016524,-0.6025370613,-0.6629419548,-0.7306376221,-0.8065262741,-0.8915841515,-0.9868457691,-1.0933755016,-1.2122218798,-1.3443494053,-1.4905428016,-1.6512800095,-1.826573637,-2.0157866576,-2.2174371746,-2.4290183899,-2.646871737,-2.8661603941,-3.0809912233,-3.2847113087,-3.4703349744,-3.6309402432,-3.7598435762,-3.8506554444,-3.8977898309,-3.8977898309,-3.8506554444,-3.7598435762,-3.6309402432,-3.4703349744,-3.2847113087,-3.0809912233,-2.8661603941,-2.646871737,-2.4290183899,-2.2174371746,-2.0157866576,-1.826573637,-1.6512800095,-1.4905428016,-1.3443494053,-1.2122218798,-1.0933755016,-0.9868457691,-0.8915841515,-0.8065262741,-0.7306376221,-0.6629419548,-0.6025370613,-0.5486016524],[-0.5245492921,-0.5745281441,-0.6302444115,-0.6923781871,-0.7616657803,-0.8388906948,-0.9248669613,-1.0204119902,-1.1263056387,-1.2432319845,-1.3717006452,-1.5119457801,-1.6638035995,-1.826573637,-1.9988752365,-2.1785180169,-2.3624119479,-2.546546615,-2.7260672029,-2.8954636521,-3.0488680095,-3.1804282003,-3.2847113087,-3.3571045768,-3.3942101884,-3.3942101884,-3.3571045768,-3.2847113087,-3.1804282003,-3.0488680095,-2.8954636521,-2.7260672029,-2.546546615,-2.3624119479,-2.1785180169,-1.9988752365,-1.826573637,-1.6638035995,-1.5119457801,-1.3717006452,-1.2432319845,-1.1263056387,-1.0204119902,-0.9248669613,-0.8388906948,-0.7616657803,-0.6923781871,-0.6302444115,-0.5745281441,-0.5245492921],[-0.5003963274,-0.5465283841,-0.597714581,-0.6545102098,-0.7175067778,-0.787321836,-0.8645823479,-0.9498995383,-1.0438329404,-1.1468413784,-1.2592190829,-1.381016291,-1.5119457801,-1.6512800095,-1.7977478083,-1.9494443653,-2.1037725724,-2.2574359718,-2.4065018984,-2.546546615,-2.6728823831,-2.780851674,-2.8661603941,-2.9252142822,-2.9554209533,-2.9554209533,-2.9252142822,-2.8661603941,-2.780851674,-2.6728823831,-2.546546615,-2.4065018984,-2.2574359718,-2.1037725724,-1.9494443653,-1.7977478083,-1.6512800095,-1.5119457801,-1.381016291,-1.2592190829,-1.1468413784,-1.0438329404,-0.9498995383,-0.8645823479,-0.787321836,-0.7175067778,-0.6545102098,-0.597714581,-0.5465283841,-0.5003963274],[-0.4763737464,-0.5188071359,-0.565665462,-0.617395662,-0.6744652038,-0.7373515493,-0.8065262741,-0.8824323899,-0.9654533581,-1.055872429,-1.1538214267,-1.2592190829,-1.3717006452,-1.4905428016,-1.6145908878,-1.7421984821,-1.8711921457,-1.9988752365,-2.1220833454,-2.2372992565,-2.3408274693,-2.4290183899,-2.4985224083,-2.546546615,-2.5710836407,-2.5710836407,-2.546546615,-2.4985224083,-2.4290183899,-2.3408274693,-2.2372992565,-2.1220833454,-1.9988752365,-1.8711921457,-1.7421984821,-1.6145908878,-1.4905428016,-1.3717006452,-1.2592190829,-1.1538214267,-1.055872429,-0.9654533581,-0.8824323899,-0.8065262741,-0.7373515493,-0.6744652038,-0.617395662,-0.565665462,-0.5188071359,-0.4763737464],[-0.452679971,-0.4915915901,-0.534355595,-0.5813263823,-0.6328669897,-0.6893387827,-0.7510868105,-0.8184198445,-0.8915841515,-0.9707302585,-1.055872429,-1.1468413784,-1.2432319845,-1.3443494053,-1.449158984,-1.5562473377,-1.6638035995,-1.7696302962,-1.8711921457,-1.9657077288,-2.0502835694,-2.1220833454,-2.1785180169,-2.2174371746,-2.2372992565,-2.2372992565,-2.2174371746,-2.1785180169,-2.1220833454,-2.0502835694,-1.9657077288,-1.8711921457,-1.7696302962,-1.6638035995,-1.5562473377,-1.449158984,-1.3443494053,-1.2432319845,-1.1468413784,-1.055872429,-0.9707302585,-0.8915841515,-0.8184198445,-0.7510868105,-0.6893387827,-0.6328669897,-0.5813263823,-0.534355595,-0.4915915901,-0.452679971],[-0.4294810222,-0.465067775,-0.503991376,-0.5465283841,-0.5929553262,-0.6435390135,-0.6985234173,-0.7581124693,-0.8224482376,-0.8915841515,-0.9654533581,-1.0438329404,-1.1263056387,-1.2122218798,-1.3006662299,-1.3904336411,-1.4800217471,-1.5676455762,-1.6512800095,-1.7287328772,-1.7977478083,-1.8561312886,-1.9018936413,-1.9333898615,-1.9494443653,-1.9494443653,-1.9333898615,-1.9018936413,-1.8561312886,-1.7977478083,-1.7287328772,-1.6512800095,-1.5676455762,-1.4800217471,-1.3904336411,-1.3006662299,-1.2122218798,-1.1263056387,-1.0438329404,-0.9654533581,-0.8915841515,-0.8224482376,-0.7581124693,-0.6985234173,-0.6435390135,-0.5929553262,-0.5465283841,-0.503991376,-0.465067775,-0.4294810222],[-0.4069118156,-0.4393829093,-0.4747309561,-0.5131679735,-0.5548999113,-0.6001178457,-0.6489864972,-0.7016296886,-0.7581124693,-0.8184198445,-0.8824323899,-0.9498995383,-1.0204119902,-1.0933755016,-1.1679891556,-1.2432319845,-1.3178622567,-1.3904336411,-1.4593315764,-1.5228313758,-1.5791769615,-1.6266759472,-1.6638035995,-1.6893056939,-1.7022890523,-1.7022890523,-1.6893056939,-1.6638035995,-1.6266759472,-1.5791769615,-1.5228313758,-1.4593315764,-1.3904336411,-1.3178622567,-1.2432319845,-1.1679891556,-1.0933755016,-1.0204119902,-0.9498995383,-0.8824323899,-0.8184198445,-0.7581124693,-0.7016296886,-0.6489864972,-0.6001178457,-0.5548999113,-0.5131679735,-0.4747309561,-0.4393829093,-0.4069118156],[-0.3850782794,-0.4146486851,-0.4466891487,-0.4813588943,-0.5188071359,-0.5591652757,-0.6025370613,-0.6489864972,-0.6985234173,-0.7510868105,-0.8065262741,-0.8645823479,-0.9248669613,-0.9868457691,-1.0498246882,-1.1129433916,-1.175178699,-1.2353606054,-1.2922029494,-1.3443494053,-1.3904336411,-1.4291503274,-1.4593315764,-1.4800217471,-1.4905428016,-1.4905428016,-1.4800217471,-1.4593315764,-1.4291503274,-1.3904336411,-1.3443494053,-1.2922029494,-1.2353606054,-1.175178699,-1.1129433916,-1.0498246882,-0.9868457691,-0.9248669613,-0.8645823479,-0.8065262741,-0.7510868105,-0.6985234173,-0.6489864972,-0.6025370613,-0.5591652757,-0.5188071359,-0.4813588943,-0.4466891487,-0.4146486851,-0.3850782794],[-0.3640600179,-0.3909451066,-0.4199428545,-0.4511698644,-0.4847303995,-0.5207096163,-0.5591652757,-0.6001178457,-0.6435390135,-0.6893387827,-0.7373515493,-0.787321836,-0.8388906948,-0.8915841515,-0.944805394,-0.9978326433,-1.0498246882,-1.0998358284,-1.1468413784,-1.1897739173,-1.2275691863,-1.2592190829,-1.2838278144,-1.3006662299,-1.3092189077,-1.3092189077,-1.3006662299,-1.2838278144,-1.2592190829,-1.2275691863,-1.1897739173,-1.1468413784,-1.0998358284,-1.0498246882,-0.9978326433,-0.944805394,-0.8915841515,-0.8388906948,-0.787321836,-0.7373515493,-0.6893387827,-0.6435390135,-0.6001178457,-0.5591652757,-0.5207096163,-0.4847303995,-0.4511698644,-0.4199428545,-0.3909451066,-0.3640600179],[-0.3439132745,-0.3683245757,-0.3945366117,-0.4226320205,-0.452679971,-0.4847303995,-0.5188071359,-0.5548999113,-0.5929553262,-0.6328669897,-0.6744652038,-0.7175067778,-0.7616657803,-0.8065262741,-0.8515782709,-0.8962182538,-0.9397555856,-0.9814258847,-1.0204119902,-1.055872429,-1.0869764098,-1.1129433916,-1.133084371,-1.1468413784,-1.1538214267,-1.1538214267,-1.1468413784,-1.133084371,-1.1129433916,-1.0869764098,-1.055872429,-1.0204119902,-0.9814258847,-0.9397555856,-0.8962182538,-0.8515782709,-0.8065262741,-0.7616657803,-0.7175067778,-0.6744652038,-0.6328669897,-0.5929553262,-0.5548999113,-0.5188071359,-0.4847303995,-0.452679971,-0.4226320205,-0.3945366117,-0.3683245757,-0.3439132745],[-0.3246740011,-0.3468159811,-0.3704879836,-0.3957459336,-0.4226320205,-0.4511698644,-0.4813588943,-0.5131679735,-0.5465283841,-0.5813263823,-0.617395662,-0.6545102098,-0.6923781871,-0.7306376221,-0.7688547992,-0.8065262741,-0.8430853751,-0.8779138432,-0.9103589086,-0.9397555856,-0.9654533581,-0.9868457691,-1.0034008459,-1.0146898844,-1.0204119902,-1.0204119902,-1.0146898844,-1.0034008459,-0.9868457691,-0.9654533581,-0.9397555856,-0.9103589086,-0.8779138432,-0.8430853751,-0.8065262741,-0.7688547992,-0.7306376221,-0.6923781871,-0.6545102098,-0.617395662,-0.5813263823,-0.5465283841,-0.5131679735,-0.4813588943,-0.4511698644,-0.4226320205,-0.3957459336,-0.3704879836,-0.3468159811,-0.3246740011],[-0.3063608813,-0.3264286171,-0.3477925835,-0.3704879836,-0.3945366117,-0.4199428545,-0.4466891487,-0.4747309561,-0.503991376,-0.534355595,-0.565665462,-0.597714581,-0.6302444115,-0.6629419548,-0.6954396582,-0.7273181658,-0.7581124693,-0.787321836,-0.8144236197,-0.8388906948,-0.8602118244,-0.8779138432,-0.8915841515,-0.900891773,-0.9056051689,-0.9056051689,-0.900891773,-0.8915841515,-0.8779138432,-0.8602118244,-0.8388906948,-0.8144236197,-0.787321836,-0.7581124693,-0.7273181658,-0.6954396582,-0.6629419548,-0.6302444115,-0.597714581,-0.565665462,-0.534355595,-0.503991376,-0.4747309561,-0.4466891487,-0.4199428545,-0.3945366117,-0.3704879836,-0.3477925835,-0.3264286171,-0.3063608813],[-0.2889782,-0.3071558126,-0.3264286171,-0.3468159811,-0.3683245757,-0.3909451066,-0.4146486851,-0.4393829093,-0.465067775,-0.4915915901,-0.5188071359,-0.5465283841,-0.5745281441,-0.6025370613,-0.6302444115,-0.6573011129,-0.683325302,-0.707910679,-0.7306376221,-0.7510868105,-0.7688547992,-0.7835707012,-0.7949128873,-0.8026244649,-0.8065262741,-0.8065262741,-0.8026244649,-0.7949128873,-0.7835707012,-0.7688547992,-0.7510868105,-0.7306376221,-0.707910679,-0.683325302,-0.6573011129,-0.6302444115,-0.6025370613,-0.5745281441,-0.5465283841,-0.5188071359,-0.4915915901,-0.465067775,-0.4393829093,-0.4146486851,-0.3909451066,-0.3683245757,-0.3468159811,-0.3264286171,-0.3071558126,-0.2889782],[-0.2725184862,-0.2889782,-0.3063608813,-0.3246740011,-0.3439132745,-0.3640600179,-0.3850782794,-0.4069118156,-0.4294810222,-0.452679971,-0.4763737464,-0.5003963274,-0.5245492921,-0.5486016524,-0.5722911255,-0.5953271223,-0.617395662,-0.6381663142,-0.6573011129,-0.6744652038,-0.6893387827,-0.7016296886,-0.7110858609,-0.7175067778,-0.7207529936,-0.7207529936,-0.7175067778,-0.7110858609,-0.7016296886,-0.6893387827,-0.6744652038,-0.6573011129,-0.6381663142,-0.617395662,-0.5953271223,-0.5722911255,-0.5486016524,-0.5245492921,-0.5003963274,-0.4763737464,-0.452679971,-0.4294810222,-0.4069118156,-0.3850782794,-0.3640600179,-0.3439132745,-0.3246740011,-0.3063608813,-0.2889782,-0.2725184862]]}