{"columns":[0,1,2,3,4,5,6,7,8,9,10,11,12,13,14,15,16,17,18,19,20,21,22,23,24,25,26,27,28,29,30,31,32,33,34,35,36,37,38,39,40,41,42,43,44,45,46,47,48,49],"index":[0,1,2,3,4,5,6,7,8,9,10,11,12,13,14,15,16,17,18,19,20,21,22,23,24,25,26,27,28,29,30,31,32,33,34,35,36,37,38,39,40,41,42,43,44,45,46,47,48,49],"data":[[-0.3529427226,-0.3743778258,-0.3970277385,-0.4209041491,-0.4460035071,-0.4723035225,-0.499759351,-0.5282995572,-0.5578219948,-0.5881898015,-0.6192277684,-0.6507194061,-0.6824050828,-0.7139816485,-0.7451039652,-0.775388728,-0.8044208738,-0.8317627284,-0.8569658333,-0.8795851457,-0.8991950233,-0.9154061419,-0.9278822733,-0.9363557238,-0.9406402288,-0.9406402288,-0.9363557238,-0.9278822733,-0.9154061419,-0.8991950233,-0.8795851457,-0.8569658333,-0.8317627284,-0.8044208738,-0.775388728,-0.7451039652,-0.7139816485,-0.6824050828,-0.6507194061,-0.6192277684,-0.5881898015,-0.5578219948,-0.5282995572,-0.499759351,-0.4723035225,-0.4460035071,-0.4209041491,-0.3970277385,-0.3743778258,-0.3529427226],[-0.3743778258,-0.3980638599,-0.4231925499,-0.4497917115,-0.4778727581,-0.507426374,-0.5384176916,-0.5707810592,-0.6044145504,-0.6391744451,-0.6748699988,-0.7112589129,-0.7480440053,-0.7848716544,-0.8213326214,-0.8569658333,-0.8912656158,-0.9236926763,-0.9536888619,-0.9806953639,-1.0041736331,-1.0236278691,-1.0386276055,-1.0488286936,-1.0539909568,-1.0539909568,-1.0488286936,-1.0386276055,-1.0236278691,-1.0041736331,-0.9806953639,-0.9536888619,-0.9236926763,-0.8912656158,-0.8569658333,-0.8213326214,-0.7848716544,-0.7480440053,-0.7112589129,-0.6748699988,-0.6391744451,-0.6044145504,-0.5707810592,-0.5384176916,-0.507426374,-0.4778727581,-0.4497917115,-0.4231925499,-0.3980638599,-0.3743778258],[-0.3970277385,-0.4231925499,-0.4510663158,-0.480698319,-0.5121206106,-0.5453427212,-0.5803456283,-0.6170750467,-0.6554341972,-0.6952763062,-0.7363972168,-0.7785286283,-0.8213326214,-0.8643982515,-0.9072410718,-0.9493064592,-0.9899775181,-1.0285881138,-1.0644412181,-1.0968322517,-1.1250765229,-1.1485392487,-1.1666661141,-1.1790119648,-1.185265135,-1.185265135,-1.1790119648,-1.1666661141,-1.1485392487,-1.1250765229,-1.0968322517,-1.0644412181,-1.0285881138,-0.9899775181,-0.9493064592,-0.9072410718,-0.8643982515,-0.8213326214,-0.7785286283,-0.7363972168,-0.6952763062,-0.6554341972,-0.6170750467,-0.5803456283,-0.5453427212,-0.5121206106,-0.480698319,-0.4510663158,-0.4231925499,-0.3970277385],[-0.4209041491,-0.4497917115,-0.480698319,-0.5137013612,-0.5488607192,-0.586212384,-0.6257609953,-0.6674713355,-0.7112589129,-0.7569799013,-0.8044208738,-0.8532889662,-0.9032033201,-0.9536888619,-1.0041736331,-1.0539909568,-1.102387653,-1.1485392487,-1.1915726512,-1.2305960583,-1.2647350224,-1.2931726706,-1.3151912483,-1.3302115627,-1.3378267041,-1.3378267041,-1.3302115627,-1.3151912483,-1.2931726706,-1.2647350224,-1.2305960583,-1.1915726512,-1.1485392487,-1.102387653,-1.0539909568,-1.0041736331,-0.9536888619,-0.9032033201,-0.8532889662,-0.8044208738,-0.7569799013,-0.7112589129,-0.6674713355,-0.6257609953,-0.586212384,-0.5488607192,-0.5137013612,-0.480698319,-0.4497917115,-0.4209041491],[-0.4460035071,-0.4778727581,-0.5121206106,-0.5488607192,-0.5881898015,-0.630180045,-0.6748699988,-0.722253918,-0.7722696451,-0.8247852841,-0.8795851457,-0.9363557238,-0.9946727823,-1.0539909568,-1.1136375656,-1.1728125012,-1.2305960583,-1.28596627,-1.3378267041,-1.3850447148,-1.4264988996,-1.461133139,-1.4880132933,-1.5063816726,-1.5157040089,-1.5157040089,-1.5063816726,-1.4880132933,-1.461133139,-1.4264988996,-1.3850447148,-1.3378267041,-1.28596627,-1.2305960583,-1.1728125012,-1.1136375656,-1.0539909568,-0.9946727823,-0.9363557238,-0.8795851457,-0.8247852841,-0.7722696451,-0.722253918,-0.6748699988,-0.630180045,-0.5881898015,-0.5488607192,-0.5121206106,-0.4778727581,-0.4460035071],[-0.4723035225,-0.507426374,-0.5453427212,-0.586212384,-0.630180045,-0.6773663645,-0.7278570214,-0.7816895387,-0.8388378815,-0.8991950233,-0.9625539701,-1.0285881138,-1.0968322517,-1.1666661141,-1.2373027308,-1.3077843248,-1.3769885401,-1.4436475315,-1.5063816726,-1.5637483214,-1.6143042898,-1.6566785954,-1.6896500644,-1.7122228055,-1.7236918754,-1.7236918754,-1.7122228055,-1.6896500644,-1.6566785954,-1.6143042898,-1.5637483214,-1.5063816726,-1.4436475315,-1.3769885401,-1.3077843248,-1.2373027308,-1.1666661141,-1.0968322517,-1.0285881138,-0.9625539701,-0.8991950233,-0.8388378815,-0.7816895387,-0.7278570214,-0.6773663645,-0.630180045,-0.586212384,-0.5453427212,-0.507426374,-0.4723035225],[-0.499759351,-0.5384176916,-0.5803456283,-0.6257609953,-0.6748699988,-0.7278570214,-0.7848716544,-0.8460126447,-0.911308578,-0.9806953639,-1.0539909568,-1.1308682592,-1.2108278162,-1.2931726706,-1.3769885401,-1.461133139,-1.5442388228,-1.6247325377,-1.7008761199,-1.7708282006,-1.8327263872,-1.8847853026,-1.9254029725,-1.9532655865,-1.9674394526,-1.9674394526,-1.9532655865,-1.9254029725,-1.8847853026,-1.8327263872,-1.7708282006,-1.7008761199,-1.6247325377,-1.5442388228,-1.461133139,-1.3769885401,-1.2931726706,-1.2108278162,-1.1308682592,-1.0539909568,-0.9806953639,-0.911308578,-0.8460126447,-0.7848716544,-0.7278570214,-0.6748699988,-0.6257609953,-0.5803456283,-0.5384176916,-0.499759351],[-0.5282995572,-0.5707810592,-0.6170750467,-0.6674713355,-0.722253918,-0.7816895387,-0.8460126447,-0.9154061419,-0.9899775181,-1.069730154,-1.1545300951,-1.2440692254,-1.3378267041,-1.4350316486,-1.5346312888,-1.6352699661,-1.7352851155,-1.8327263872,-1.9254029725,-2.0109617808,-2.0869954043,-2.1511742111,-2.2013921843,-2.2359122773,-2.2534950703,-2.2534950703,-2.2359122773,-2.2013921843,-2.1511742111,-2.0869954043,-2.0109617808,-1.9254029725,-1.8327263872,-1.7352851155,-1.6352699661,-1.5346312888,-1.4350316486,-1.3378267041,-1.2440692254,-1.1545300951,-1.069730154,-0.9899775181,-0.9154061419,-0.8460126447,-0.7816895387,-0.722253918,-0.6674713355,-0.6170750467,-0.5707810592,-0.5282995572],[-0.5578219948,-0.6044145504,-0.6554341972,-0.7112589129,-0.7722696451,-0.8388378815,-0.911308578,-0.9899775181,-1.0750622632,-1.1666661141,-1.2647350224,-1.3690082467,-1.4789647875,-1.5937692655,-1.7122228055,-1.8327263872,-1.9532655865,-2.0714260616,-2.184447942,-2.289324024,-2.3829413475,-2.4622589177,-2.5245072071,-2.5673891957,-2.5892595944,-2.5892595944,-2.5673891957,-2.5245072071,-2.4622589177,-2.3829413475,-2.289324024,-2.184447942,-2.0714260616,-1.9532655865,-1.8327263872,-1.7122228055,-1.5937692655,-1.4789647875,-1.3690082467,-1.2647350224,-1.1666661141,-1.0750622632,-0.9899775181,-0.911308578,-0.8388378815,-0.7722696451,-0.7112589129,-0.6554341972,-0.6044145504,-0.5578219948],[-0.5881898015,-0.6391744451,-0.6952763062,-0.7569799013,-0.8247852841,-0.8991950233,-0.9806953639,-1.069730154,-1.1666661141,-1.2717482428,-1.3850447148,-1.5063816726,-1.6352699661,-1.7708282006,-1.9117093067,-2.0560408886,-2.2013921843,-2.3447816546,-2.4827379902,-2.6114229229,-2.7268165521,-2.8249558283,-2.902206226,-2.9555379227,-2.9827732519,-2.9827732519,-2.9555379227,-2.902206226,-2.8249558283,-2.7268165521,-2.6114229229,-2.4827379902,-2.3447816546,-2.2013921843,-2.0560408886,-1.9117093067,-1.7708282006,-1.6352699661,-1.5063816726,-1.3850447148,-1.2717482428,-1.1666661141,-1.069730154,-0.9806953639,-0.8991950233,-0.8247852841,-0.7569799013,-0.6952763062,-0.6391744451,-0.5881898015],[-0.6192277684,-0.6748699988,-0.7363972168,-0.8044208738,-0.8795851457,-0.9625539701,-1.0539909568,-1.1545300951,-1.2647350224,-1.3850447148,-1.5157040089,-1.6566785954,-1.8075562709,-1.9674394526,-2.1348381748,-2.3075775483,-2.4827379902,-2.656648967,-2.8249558283,-2.9827732519,-3.1249276355,-3.2462759164,-3.3420727783,-3.408345801,-3.4422321059,-3.4422321059,-3.408345801,-3.3420727783,-3.2462759164,-3.1249276355,-2.9827732519,-2.8249558283,-2.656648967,-2.4827379902,-2.3075775483,-2.1348381748,-1.9674394526,-1.8075562709,-1.6566785954,-1.5157040089,-1.3850447148,-1.2647350224,-1.1545300951,-1.0539909568,-0.9625539701,-0.8795851457,-0.8044208738,-0.7363972168,-0.6748699988,-0.6192277684],[-0.6507194061,-0.7112589129,-0.7785286283,-0.8532889662,-0.9363557238,-1.0285881138,-1.1308682592,-1.2440692254,-1.3690082467,-1.5063816726,-1.6566785954,-1.8200714925,-1.9962849482,-2.184447942,-2.3829413475,-2.5892595944,-2.7999124757,-3.0103974718,-3.215271933,-3.408345801,-3.5829989832,-3.732605538,-3.8510245923,-3.9331013397,-3.9751149634,-3.9751149634,-3.9331013397,-3.8510245923,-3.732605538,-3.5829989832,-3.408345801,-3.215271933,-3.0103974718,-2.7999124757,-2.5892595944,-2.3829413475,-2.184447942,-1.9962849482,-1.8200714925,-1.6566785954,-1.5063816726,-1.3690082467,-1.2440692254,-1.1308682592,-1.0285881138,-0.9363557238,-0.8532889662,-0.7785286283,-0.7112589129,-0.6507194061],[-0.6824050828,-0.7480440053,-0.8213326214,-0.9032033201,-0.9946727823,-1.0968322517,-1.2108278162,-1.3378267041,-1.4789647875,-1.6352699661,-1.8075562709,-1.9962849482,-2.2013921843,-2.4220891521,-2.656648967,-2.902206226,-3.154605914,-3.408345801,-3.6566554482,-3.8917419652,-4.1052074538,-4.2886100977,-4.4341092238,-4.5351156308,-4.5868681232,-4.5868681232,-4.5351156308,-4.4341092238,-4.2886100977,-4.1052074538,-3.8917419652,-3.6566554482,-3.408345801,-3.154605914,-2.902206226,-2.656648967,-2.4220891521,-2.2013921843,-1.9962849482,-1.8075562709,-1.6352699661,-1.4789647875,-1.3378267041,-1.2108278162,-1.0968322517,-0.9946727823,-0.9032033201,-0.8213326214,-0.7480440053,-0.6824050828],[-0.7139816485,-0.7848716544,-0.8643982515,-0.9536888619,-1.0539909568,-1.1666661141,-1.2931726706,-1.4350316486,-1.5937692655,-1.7708282006,-1.9674394526,-2.184447942,-2.4220891521,-2.6797222468,-2.9555379227,-3.2462759164,-3.5470043126,-3.8510245923,-4.1499654504,-4.4341092238,-4.6929547783,-4.9159595795,-5.0933380302,-5.2167931381,-5.2801820173,-5.2801820173,-5.2167931381,-5.0933380302,-4.9159595795,-4.6929547783,-4.4341092238,-4.1499654504,-3.8510245923,-3.5470043126,-3.2462759164,-2.9555379227,-2.6797222468,-2.4220891521,-2.184447942,-1.9674394526,-1.7708282006,-1.5937692655,-1.4350316486,-1.2931726706,-1.1666661141,-1.0539909568,-0.9536888619,-0.8643982515,-0.7848716544,-0.7139816485],[-0.7451039652,-0.8213326214,-0.9072410718,-1.0041736331,-1.1136375656,-1.2373027308,-1.3769885401,-1.5346312888,-1.7122228055,-1.9117093067,-2.1348381748,-2.3829413475,-2.656648967,-2.9555379227,-3.2777383245,-3.6195458748,-3.9751149634,-4.3363287463,-4.6929547783,-5.0332005628,-5.3447363981,-5.6159173173,-5.8361474562,-5.9944230004,-6.0783595331,-6.0783595331,-5.9944230004,-5.8361474562,-5.6159173173,-5.3447363981,-5.0332005628,-4.6929547783,-4.3363287463,-3.9751149634,-3.6195458748,-3.2777383245,-2.9555379227,-2.656648967,-2.3829413475,-2.1348381748,-1.9117093067,-1.7122228055,-1.5346312888,-1.3769885401,-1.2373027308,-1.1136375656,-1.0041736331,-0.9072410718,-0.8213326214,-0.7451039652],[-0.775388728,-0.8569658333,-0.9493064592,-1.0539909568,-1.1728125012,-1.3077843248,-1.461133139,-1.6352699661,-1.8327263872,-2.0560408886,-2.3075775483,-2.5892595944,-2.902206226,-3.2462759164,-3.6195458748,-4.0177953252,-4.4341092238,-4.8588062689,-5.2801820173,-5.6874468411,-6.0783595331,-6.4698056244,-6.8896726834,-7.3165158478,-7.6137434457,-7.6137434457,-7.3165158478,-6.8896726834,-6.4698056244,-6.0783595331,-5.6874468411,-5.2801820173,-4.8588062689,-4.4341092238,-4.0177953252,-3.6195458748,-3.2462759164,-2.902206226,-2.5892595944,-2.3075775483,-2.0560408886,-1.8327263872,-1.6352699661,-1.461133139,-1.3077843248,-1.1728125012,-1.0539909568,-0.9493064592,-0.8569658333,-0.775388728],[-0.8044208738,-0.8912656158,-0.9899775181,-1.102387653,-1.2305960583,-1.3769885401,-1.5442388228,-1.7352851155,-1.9532655865,-2.2013921843,-2.4827379902,-2.7999124757,-3.154605914,-3.5470043126,-3.9751149634,-4.4341092238,-4.9159595795,-5.4105108345,-5.9138839456,-6.4698056244,-7.3165158478,-9.2210553442,-13.8070369374,-22.7657364546,-33.003798589,-33.003798589,-22.7657364546,-13.8070369374,-9.2210553442,-7.3165158478,-6.4698056244,-5.9138839456,-5.4105108345,-4.9159595795,-4.4341092238,-3.9751149634,-3.5470043126,-3.154605914,-2.7999124757,-2.4827379902,-2.2013921843,-1.9532655865,-1.7352851155,-1.5442388228,-1.3769885401,-1.2305960583,-1.102387653,-0.9899775181,-0.8912656158,-0.8044208738],[-0.8317627284,-0.9236926763,-1.0285881138,-1.1485392487,-1.28596627,-1.4436475315,-1.6247325377,-1.8327263872,-2.0714260616,-2.3447816546,-2.656648967,-3.0103974718,-3.408345801,-3.8510245923,-4.3363287463,-4.8588062689,-5.4105108345,-5.9944230004,-6.7292720574,-8.5150693042,-17.1732992053,-130.9198221394,84.0327837994,55.2133044892,49.9801104763,49.9801104763,55.2133044892,84.0327837994,-130.9198221394,-17.1732992053,-8.5150693042,-6.7292720574,-5.9944230004,-5.4105108345,-4.8588062689,-4.3363287463,-3.8510245923,-3.408345801,-3.0103974718,-2.656648967,-2.3447816546,-2.0714260616,-1.8327263872,-1.6247325377,-1.4436475315,-1.28596627,-1.1485392487,-1.0285881138,-0.9236926763,-0.8317627284],[-0.8569658333,-0.9536888619,-1.0644412181,-1.1915726512,-1.3378267041,-1.5063816726,-1.7008761199,-1.9254029725,-2.184447942,-2.4827379902,-2.8249558283,-3.215271933,-3.6566554482,-4.1499654504,-4.6929547783,-5.2801820173,-5.9138839456,-6.7292720574,-9.2210553442,-33.003798589,84.0327837994,46.8081549125,42.5514766812,41.4660017056,41.1256378922,41.1256378922,41.4660017056,42.5514766812,46.8081549125,84.0327837994,-33.003798589,-9.2210553442,-6.7292720574,-5.9138839456,-5.2801820173,-4.6929547783,-4.1499654504,-3.6566554482,-3.215271933,-2.8249558283,-2.4827379902,-2.184447942,-1.9254029725,-1.7008761199,-1.5063816726,-1.3378267041,-1.1915726512,-1.0644412181,-0.9536888619,-0.8569658333],[-0.8795851457,-0.9806953639,-1.0968322517,-1.2305960583,-1.3850447148,-1.5637483214,-1.7708282006,-2.0109617808,-2.289324024,-2.6114229229,-2.9827732519,-3.408345801,-3.8917419652,-4.4341092238,-5.0332005628,-5.6874468411,-6.4698056244,-8.5150693042,-33.003798589,64.5751332918,43.4554122675,41.1256378922,40.4514169491,40.1225627458,39.9702969835,39.9702969835,40.1225627458,40.4514169491,41.1256378922,43.4554122675,64.5751332918,-33.003798589,-8.5150693042,-6.4698056244,-5.6874468411,-5.0332005628,-4.4341092238,-3.8917419652,-3.408345801,-2.9827732519,-2.6114229229,-2.289324024,-2.0109617808,-1.7708282006,-1.5637483214,-1.3850447148,-1.2305960583,-1.0968322517,-0.9806953639,-0.8795851457],[-0.8991950233,-1.0041736331,-1.1250765229,-1.2647350224,-1.4264988996,-1.6143042898,-1.8327263872,-2.0869954043,-2.3829413475,-2.7268165521,-3.1249276355,-3.5829989832,-4.1052074538,-4.6929547783,-5.3447363981,-6.0783595331,-7.3165158478,-17.1732992053,84.0327837994,43.4554122675,40.8591961806,40.1225627458,39.6740563212,39.3792155683,39.2305594474,39.2305594474,39.3792155683,39.6740563212,40.1225627458,40.8591961806,43.4554122675,84.0327837994,-17.1732992053,-7.3165158478,-6.0783595331,-5.3447363981,-4.6929547783,-4.1052074538,-3.5829989832,-3.1249276355,-2.7268165521,-2.3829413475,-2.0869954043,-1.8327263872,-1.6143042898,-1.4264988996,-1.2647350224,-1.1250765229,-1.0041736331,-0.8991950233],[-0.9154061419,-1.0236278691,-1.1485392487,-1.2931726706,-1.461133139,-1.6566785954,-1.8847853026,-2.1511742111,-2.4622589177,-2.8249558283,-3.2462759164,-3.732605538,-4.2886100977,-4.9159595795,-5.6159173173,-6.4698056244,-9.2210553442,-130.9198221394,46.8081549125,41.1256378922,40.1225627458,39.5268968415,39.0806649792,38.7766523748,38.6224336129,38.6224336129,38.7766523748,39.0806649792,39.5268968415,40.1225627458,41.1256378922,46.8081549125,-130.9198221394,-9.2210553442,-6.4698056244,-5.6159173173,-4.9159595795,-4.2886100977,-3.732605538,-3.2462759164,-2.8249558283,-2.4622589177,-2.1511742111,-1.8847853026,-1.6566785954,-1.461133139,-1.2931726706,-1.1485392487,-1.0236278691,-0.9154061419],[-0.9278822733,-1.0386276055,-1.1666661141,-1.3151912483,-1.4880132933,-1.6896500644,-1.9254029725,-2.2013921843,-2.5245072071,-2.902206226,-3.3420727783,-3.8510245923,-4.4341092238,-5.0933380302,-5.8361474562,-6.8896726834,-13.8070369374,84.0327837994,42.5514766812,40.4514169491,39.6740563212,39.0806649792,38.622433613,38.3095550041,38.1509357471,38.1509357471,38.3095550041,38.622433613,39.0806649792,39.6740563212,40.4514169491,42.5514766812,84.0327837994,-13.8070369374,-6.8896726834,-5.8361474562,-5.0933380302,-4.4341092238,-3.8510245923,-3.3420727783,-2.902206226,-2.5245072071,-2.2013921843,-1.9254029725,-1.6896500644,-1.4880132933,-1.3151912483,-1.1666661141,-1.0386276055,-0.9278822733],[-0.9363557238,-1.0488286936,-1.1790119648,-1.3302115627,-1.5063816726,-1.7122228055,-1.9532655865,-2.2359122773,-2.5673891957,-2.9555379227,-3.408345801,-3.9331013397,-4.5351156308,-5.2167931381,-5.9944230004,-7.3165158478,-22.7657364546,55.2133044892,41.4660017056,40.1225627458,39.3792155683,38.7766523748,38.3095550041,37.9909033603,37.8294938773,37.8294938773,37.9909033603,38.3095550041,38.7766523748,39.3792155683,40.1225627458,41.4660017056,55.2133044892,-22.7657364546,-7.3165158478,-5.9944230004,-5.2167931381,-4.5351156308,-3.9331013397,-3.408345801,-2.9555379227,-2.5673891957,-2.2359122773,-1.9532655865,-1.7122228055,-1.5063816726,-1.3302115627,-1.1790119648,-1.0488286936,-0.9363557238],[-0.9406402288,-1.0539909568,-1.185265135,-1.3378267041,-1.5157040089,-1.7236918754,-1.9674394526,-2.2534950703,-2.5892595944,-2.9827732519,-3.4422321059,-3.9751149634,-4.5868681232,-5.2801820173,-6.0783595331,-7.6137434457,-33.003798589,49.9801104763,41.1256378922,39.9702969835,39.2305594474,38.622433613,38.1509357471,37.8294938773,37.6667464702,37.6667464702,37.8294938773,38.1509357471,38.622433613,39.2305594474,39.9702969835,41.1256378922,49.9801104763,-33.003798589,-7.6137434457,-6.0783595331,-5.2801820173,-4.5868681232,-3.9751149634,-3.4422321059,-2.9827732519,-2.5892595944,-2.2534950703,-1.9674394526,-1.7236918754,-1.5157040089,-1.3378267041,-1.185265135,-1.0539909568,-0.9406402288],[-0.9406402288,-1.0539909568,-1.185265135,-1.3378267041,-1.5157040089,-1.7236918754,-1.9674394526,-2.2534950703,-2.5892595944,-2.9827732519,-3.4422321059,-3.9751149634,-4.5868681232,-5.2801820173,-6.0783595331,-7.6137434457,-33.003798589,49.9801104763,41.1256378922,39.9702969835,39.2305594474,38.622433613,38.1509357471,37.8294938773,37.6667464702,37.6667464702,37.8294938773,38.1509357471,38.622433613,39.2305594474,39.9702969835,41.1256378922,49.9801104763,-33.003798589,-7.6137434457,-6.0783595331,-5.2801820173,-4.5868681232,-3.9751149634,-3.4422321059,-2.9827732519,-2.5892595944,-2.2534950703,-1.9674394526,-1.7236918754,-1.5157040089,-1.3378267041,-1.185265135,-1.0539909568,-0.9406402288],[-0.9363557238,-1.0488286936,-1.1790119648,-1.3302115627,-1.5063816726,-1.7122228055,-1.9532655865,-2.2359122773,-2.5673891957,-2.9555379227,-3.408345801,-3.9331013397,-4.5351156308,-5.2167931381,-5.9944230004,-7.3165158478,-22.7657364546,55.2133044892,41.4660017056,40.1225627458,39.3792155683,38.7766523748,38.3095550041,37.9909033603,37.8294938773,37.8294938773,37.9909033603,38.3095550041,38.7766523748,39.3792155683,40.1225627458,41.4660017056,55.2133044892,-22.7657364546,-7.3165158478,-5.9944230004,-5.2167931381,-4.5351156308,-3.9331013397,-3.408345801,-2.9555379227,-2.5673891957,-2.2359122773,-1.9532655865,-1.7122228055,-1.5063816726,-1.3302115627,-1.1790119648,-1.0488286936,-0.9363557238],[-0.9278822733,-1.0386276055,-1.1666661141,-1.3151912483,-1.4880132933,-1.6896500644,-1.9254029725,-2.2013921843,-2.5245072071,-2.902206226,-3.3420727783,-3.8510245923,-4.4341092238,-5.0933380302,-5.8361474562,-6.8896726834,-13.8070369374,84.0327837994,42.5514766812,40.4514169491,39.6740563212,39.0806649792,38.622433613,38.3095550041,38.1509357471,38.1509357471,38.3095550041,38.622433613,39.0806649792,39.6740563212,40.4514169491,42.5514766812,84.0327837994,-13.8070369374,-6.8896726834,-5.8361474562,-5.0933380302,-4.4341092238,-3.8510245923,-3.3420727783,-2.902206226,-2.5245072071,-2.2013921843,-1.9254029725,-1.6896500644,-1.4880132933,-1.3151912483,-1.1666661141,-1.0386276055,-0.9278822733],[-0.9154061419,-1.0236278691,-1.1485392487,-1.2931726706,-1.461133139,-1.6566785954,-1.8847853026,-2.1511742111,-2.4622589177,-2.8249558283,-3.2462759164,-3.732605538,-4.2886100977,-4.9159595795,-5.6159173173,-6.4698056244,-9.2210553442,-130.9198221394,46.8081549125,41.1256378922,40.1225627458,39.5268968415,39.0806649792,38.7766523748,38.6224336129,38.6224336129,38.7766523748,39.0806649792,39.5268968415,40.1225627458,41.1256378922,46.8081549125,-130.9198221394,-9.2210553442,-6.4698056244,-5.6159173173,-4.9159595795,-4.2886100977,-3.732605538,-3.2462759164,-2.8249558283,-2.4622589177,-2.1511742111,-1.8847853026,-1.6566785954,-1.461133139,-1.2931726706,-1.1485392487,-1.0236278691,-0.9154061419],[-0.8991950233,-1.0041736331,-1.1250765229,-1.2647350224,-1.4264988996,-1.6143042898,-1.8327263872,-2.0869954043,-2.3829413475,-2.7268165521,-3.1249276355,-3.5829989832,-4.1052074538,-4.6929547783,-5.3447363981,-6.0783595331,-7.3165158478,-17.1732992053,84.0327837994,43.4554122675,40.8591961806,40.1225627458,39.6740563212,39.3792155683,39.2305594474,39.2305594474,39.3792155683,39.6740563212,40.1225627458,40.8591961806,43.4554122675,84.0327837994,-17.1732992053,-7.3165158478,-6.0783595331,-5.3447363981,-4.6929547783,-4.1052074538,-3.5829989832,-3.1249276355,-2.7268165521,-2.3829413475,-2.0869954043,-1.8327263872,-1.6143042898,-1.4264988996,-1.2647350224,-1.1250765229,-1.0041736331,-0.8991950233],[-0.8795851457,-0.9806953639,-1.0968322517,-1.2305960583,-1.3850447148,-1.5637483214,-1.7708282006,-2.0109617808,-2.289324024,-2.6114229229,-2.9827732519,-3.408345801,-3.8917419652,-4.4341092238,-5.0332005628,-5.6874468411,-6.4698056244,-8.5150693042,-33.003798589,64.5751332918,43.4554122675,41.1256378922,40.4514169491,40.1225627458,39.9702969835,39.9702969835,40.1225627458,40.4514169491,41.1256378922,43.4554122675,64.5751332918,-33.003798589,-8.5150693042,-6.4698056244,-5.6874468411,-5.0332005628,-4.4341092238,-3.8917419652,-3.408345801,-2.9827732519,-2.6114229229,-2.289324024,-2.0109617808,-1.7708282006,-1.5637483214,-1.3850447148,-1.2305960583,-1.0968322517,-0.9806953639,-0.8795851457],[-0.8569658333,-0.9536888619,-1.0644412181,-1.1915726512,-1.3378267041,-1.5063816726,-1.7008761199,-1.9254029725,-2.184447942,-2.4827379902,-2.8249558283,-3.215271933,-3.6566554482,-4.1499654504,-4.6929547783,-5.2801820173,-5.9138839456,-6.7292720574,-9.2210553442,-33.003798589,84.0327837994,46.8081549125,42.5514766812,41.4660017056,41.1256378922,41.1256378922,41.4660017056,42.5514766812,46.8081549125,84.0327837994,-33.003798589,-9.2210553442,-6.7292720574,-5.9138839456,-5.2801820173,-4.6929547783,-4.1499654504,-3.6566554482,-3.215271933,-2.8249558283,-2.4827379902,-2.184447942,-1.9254029725,-1.7008761199,-1.5063816726,-1.3378267041,-1.1915726512,-1.0644412181,-0.9536888619,-0.8569658333],[-0.8317627284,-0.9236926763,-1.0285881138,-1.1485392487,-1.28596627,-1.4436475315,-1.6247325377,-1.8327263872,-2.0714260616,-2.3447816546,-2.656648967,-3.0103974718,-3.408345801,-3.8510245923,-4.3363287463,-4.8588062689,-5.4105108345,-5.9944230004,-6.7292720574,-8.5150693042,-17.1732992053,-130.9198221394,84.0327837994,55.2133044892,49.9801104763,49.9801104763,55.2133044892,84.0327837994,-130.9198221394,-17.1732992053,-8.5150693042,-6.7292720574,-5.9944230004,-5.4105108345,-4.8588062689,-4.3363287463,-3.8510245923,-3.408345801,-3.0103974718,-2.656648967,-2.3447816546,-2.0714260616,-1.8327263872,-1.6247325377,-1.4436475315,-1.28596627,-1.1485392487,-1.0285881138,-0.9236926763,-0.8317627284],[-0.8044208738,-0.8912656158,-0.9899775181,-1.102387653,-1.2305960583,-1.3769885401,-1.5442388228,-1.7352851155,-1.9532655865,-2.2013921843,-2.4827379902,-2.7999124757,-3.154605914,-3.5470043126,-3.9751149634,-4.4341092238,-4.9159595795,-5.4105108345,-5.9138839456,-6.4698056244,-7.3165158478,-9.2210553442,-13.8070369374,-22.7657364546,-33.003798589,-33.003798589,-22.7657364546,-13.8070369374,-9.2210553442,-7.3165158478,-6.4698056244,-5.9138839456,-5.4105108345,-4.9159595795,-4.4341092238,-3.9751149634,-3.5470043126,-3.154605914,-2.7999124757,-2.4827379902,-2.2013921843,-1.9532655865,-1.7352851155,-1.5442388228,-1.3769885401,-1.2305960583,-1.102387653,-0.9899775181,-0.8912656158,-0.8044208738],[-0.775388728,-0.8569658333,-0.9493064592,-1.0539909568,-1.1728125012,-1.3077843248,-1.461133139,-1.6352699661,-1.8327263872,-2.0560408886,-2.3075775483,-2.5892595944,-2.902206226,-3.2462759164,-3.6195458748,-4.0177953252,-4.4341092238,-4.8588062689,-5.2801820173,-5.6874468411,-6.0783595331,-6.4698056244,-6.8896726834,-7.3165158478,-7.6137434457,-7.6137434457,-7.3165158478,-6.8896726834,-6.4698056244,-6.0783595331,-5.6874468411,-5.2801820173,-4.8588062689,-4.4341092238,-4.0177953252,-3.6195458748,-3.2462759164,-2.902206226,-2.5892595944,-2.3075775483,-2.0560408886,-1.8327263872,-1.6352699661,-1.461133139,-1.3077843248,-1.1728125012,-1.0539909568,-0.9493064592,-0.8569658333,-0.775388728],[-0.7451039652,-0.8213326214,-0.9072410718,-1.0041736331,-1.1136375656,-1.2373027308,-1.3769885401,-1.5346312888,-1.7122228055,-1.9117093067,-2.1348381748,-2.3829413475,-2.656648967,-2.9555379227,-3.2777383245,-3.6195458748,-3.9751149634,-4.3363287463,-4.6929547783,-5.0332005628,-5.3447363981,-5.6159173173,-5.8361474562,-5.9944230004,-6.0783595331,-6.0783595331,-5.9944230004,-5.8361474562,-5.6159173173,-5.3447363981,-5.0332005628,-4.6929547783,-4.3363287463,-3.9751149634,-3.6195458748,-3.2777383245,-2.9555379227,-2.656648967,-2.3829413475,-2.1348381748,-1.9117093067,-1.7122228055,-1.5346312888,-1.3769885401,-1.2373027308,-1.1136375656,-1.0041736331,-0.9072410718,-0.8213326214,-0.7451039652],[-0.7139816485,-0.7848716544,-0.8643982515,-0.9536888619,-1.0539909568,-1.1666661141,-1.2931726706,-1.4350316486,-1.5937692655,-1.7708282006,-1.9674394526,-2.184447942,-2.4220891521,-2.6797222468,-2.9555379227,-3.2462759164,-3.5470043126,-3.8510245923,-4.1499654504,-4.4341092238,-4.6929547783,-4.9159595795,-5.0933380302,-5.2167931381,-5.2801820173,-5.2801820173,-5.2167931381,-5.0933380302,-4.9159595795,-4.6929547783,-4.4341092238,-4.1499654504,-3.8510245923,-3.5470043126,-3.2462759164,-2.9555379227,-2.6797222468,-2.4220891521,-2.184447942,-1.9674394526,-1.7708282006,-1.5937692655,-1.4350316486,-1.2931726706,-1.1666661141,-1.0539909568,-0.9536888619,-0.8643982515,-0.7848716544,-0.7139816485],[-0.6824050828,-0.7480440053,-0.8213326214,-0.9032033201,-0.9946727823,-1.0968322517,-1.2108278162,-1.3378267041,-1.4789647875,-1.6352699661,-1.8075562709,-1.9962849482,-2.2013921843,-2.4220891521,-2.656648967,-2.902206226,-3.154605914,-3.408345801,-3.6566554482,-3.8917419652,-4.1052074538,-4.2886100977,-4.4341092238,-4.5351156308,-4.5868681232,-4.5868681232,-4.5351156308,-4.4341092238,-4.2886100977,-4.1052074538,-3.8917419652,-3.6566554482,-3.408345801,-3.154605914,-2.902206226,-2.656648967,-2.4220891521,-2.2013921843,-1.9962849482,-1.8075562709,-1.6352699661,-1.4789647875,-1.3378267041,-1.2108278162,-1.0968322517,-0.9946727823,-0.9032033201,-0.8213326214,-0.7480440053,-0.6824050828],[-0.6507194061,-0.7112589129,-0.7785286283,-0.8532889662,-0.9363557238,-1.0285881138,-1.1308682592,-1.2440692254,-1.3690082467,-1.5063816726,-1.6566785954,-1.8200714925,-1.9962849482,-2.184447942,-2.3829413475,-2.5892595944,-2.7999124757,-3.0103974718,-3.215271933,-3.408345801,-3.5829989832,-3.732605538,-3.8510245923,-3.9331013397,-3.9751149634,-3.9751149634,-3.9331013397,-3.8510245923,-3.732605538,-3.5829989832,-3.408345801,-3.215271933,-3.0103974718,-2.7999124757,-2.5892595944,-2.3829413475,-2.184447942,-1.9962849482,-1.8200714925,-1.6566785954,-1.5063816726,-1.3690082467,-1.2440692254,-1.1308682592,-1.0285881138,-0.9363557238,-0.8532889662,-0.7785286283,-0.7112589129,-0.6507194061],[-0.6192277684,-0.6748699988,-0.7363972168,-0.8044208738,-0.8795851457,-0.9625539701,-1.0539909568,-1.1545300951,-1.2647350224,-1.3850447148,-1.5157040089,-1.6566785954,-1.8075562709,-1.9674394526,-2.1348381748,-2.3075775483,-2.4827379902,-2.656648967,-2.8249558283,-2.9827732519,-3.1249276355,-3.2462759164,-3.3420727783,-3.408345801,-3.4422321059,-3.4422321059,-3.408345801,-3.3420727783,-3.2462759164,-3.1249276355,-2.9827732519,-2.8249558283,-2.656648967,-2.4827379902,-2.3075775483,-2.1348381748,-1.9674394526,-1.8075562709,-1.6566785954,-1.5157040089,-1.3850447148,-1.2647350224,-1.1545300951,-1.0539909568,-0.9625539701,-0.8795851457,-0.8044208738,-0.7363972168,-0.6748699988,-0.6192277684],[-0.5881898015,-0.6391744451,-0.6952763062,-0.7569799013,-0.8247852841,-0.8991950233,-0.9806953639,-1.069730154,-1.1666661141,-1.2717482428,-1.3850447148,-1.5063816726,-1.6352699661,-1.7708282006,-1.9117093067,-2.0560408886,-2.2013921843,-2.3447816546,-2.4827379902,-2.6114229229,-2.7268165521,-2.8249558283,-2.902206226,-2.9555379227,-2.9827732519,-2.9827732519,-2.9555379227,-2.902206226,-2.8249558283,-2.7268165521,-2.6114229229,-2.4827379902,-2.3447816546,-2.2013921843,-2.0560408886,-1.9117093067,-1.7708282006,-1.6352699661,-1.5063816726,-1.3850447148,-1.2717482428,-1.1666661141,-1.069730154,-0.9806953639,-0.8991950233,-0.8247852841,-0.7569799013,-0.6952763062,-0.6391744451,-0.5881898015],[-0.5578219948,-0.6044145504,-0.6554341972,-0.7112589129,-0.7722696451,-0.8388378815,-0.911308578,-0.9899775181,-1.0750622632,-1.1666661141,-1.2647350224,-1.3690082467,-1.4789647875,-1.5937692655,-1.7122228055,-1.8327263872,-1.9532655865,-2.0714260616,-2.184447942,-2.289324024,-2.3829413475,-2.4622589177,-2.5245072071,-2.5673891957,-2.5892595944,-2.5892595944,-2.5673891957,-2.5245072071,-2.4622589177,-2.3829413475,-2.289324024,-2.184447942,-2.0714260616,-1.9532655865,-1.8327263872,-1.7122228055,-1.5937692655,-1.4789647875,-1.3690082467,-1.2647350224,-1.1666661141,-1.0750622632,-0.9899775181,-0.911308578,-0.8388378815,-0.7722696451,-0.7112589129,-0.6554341972,-0.6044145504,-0.5578219948],[-0.5282995572,-0.5707810592,-0.6170750467,-0.6674713355,-0.722253918,-0.7816895387,-0.8460126447,-0.9154061419,-0.9899775181,-1.069730154,-1.1545300951,-1.2440692254,-1.3378267041,-1.4350316486,-1.5346312888,-1.6352699661,-1.7352851155,-1.8327263872,-1.9254029725,-2.0109617808,-2.0869954043,-2.1511742111,-2.2013921843,-2.2359122773,-2.2534950703,-2.2534950703,-2.2359122773,-2.2013921843,-2.1511742111,-2.0869954043,-2.0109617808,-1.9254029725,-1.8327263872,-1.7352851155,-1.6352699661,-1.5346312888,-1.4350316486,-1.3378267041,-1.2440692254,-1.1545300951,-1.069730154,-0.9899775181,-0.9154061419,-0.8460126447,-0.7816895387,-0.722253918,-0.6674713355,-0.6170750467,-0.5707810592,-0.5282995572],[-0.499759351,-0.5384176916,-0.5803456283,-0.6257609953,-0.6748699988,-0.7278570214,-0.7848716544,-0.8460126447,-0.911308578,-0.9806953639,-1.0539909568,-1.1308682592,-1.2108278162,-1.2931726706,-1.3769885401,-1.461133139,-1.5442388228,-1.6247325377,-1.7008761199,-1.7708282006,-1.8327263872,-1.8847853026,-1.9254029725,-1.9532655865,-1.9674394526,-1.9674394526,-1.9532655865,-1.9254029725,-1.8847853026,-1.8327263872,-1.7708282006,-1.7008761199,-1.6247325377,-1.5442388228,-1.461133139,-1.3769885401,-1.2931726706,-1.2108278162,-1.1308682592,-1.0539909568,-0.9806953639,-0.911308578,-0.8460126447,-0.7848716544,-0.7278570214,-0.6748699988,-0.6257609953,-0.5803456283,-0.5384176916,-0.499759351],[-0.4723035225,-0.507426374,-0.5453427212,-0.586212384,-0.630180045,-0.6773663645,-0.7278570214,-0.7816895387,-0.8388378815,-0.8991950233,-0.9625539701,-1.0285881138,-1.0968322517,-1.1666661141,-1.2373027308,-1.3077843248,-1.3769885401,-1.4436475315,-1.5063816726,-1.5637483214,-1.6143042898,-1.6566785954,-1.6896500644,-1.7122228055,-1.7236918754,-1.7236918754,-1.7122228055,-1.6896500644,-1.6566785954,-1.6143042898,-1.5637483214,-1.5063816726,-1.4436475315,-1.3769885401,-1.3077843248,-1.2373027308,-1.1666661141,-1.0968322517,-1.0285881138,-0.9625539701,-0.8991950233,-0.8388378815,-0.7816895387,-0.7278570214,-0.6773663645,-0.630180045,-0.586212384,-0.5453427212,-0.507426374,-0.4723035225],[-0.4460035071,-0.4778727581,-0.5121206106,-0.5488607192,-0.5881898015,-0.630180045,-0.6748699988,-0.722253918,-0.7722696451,-0.8247852841,-0.8795851457,-0.9363557238,-0.9946727823,-1.0539909568,-1.1136375656,-1.1728125012,-1.2305960583,-1.28596627,-1.3378267041,-1.3850447148,-1.4264988996,-1.461133139,-1.4880132933,-1.5063816726,-1.5157040089,-1.5157040089,-1.5063816726,-1.4880132933,-1.461133139,-1.4264988996,-1.3850447148,-1.3378267041,-1.28596627,-1.2305960583,-1.1728125012,-1.1136375656,-1.0539909568,-0.9946727823,-0.9363557238,-0.8795851457,-0.8247852841,-0.7722696451,-0.722253918,-0.6748699988,-0.630180045,-0.5881898015,-0.5488607192,-0.5121206106,-0.4778727581,-0.4460035071],[-0.4209041491,-0.4497917115,-0.480698319,-0.5137013612,-0.5488607192,-0.586212384,-0.6257609953,-0.6674713355,-0.7112589129,-0.7569799013,-0.8044208738,-0.8532889662,-0.9032033201,-0.9536888619,-1.0041736331,-1.0539909568,-1.102387653,-1.1485392487,-1.1915726512,-1.2305960583,-1.2647350224,-1.2931726706,-1.3151912483,-1.3302115627,-1.3378267041,-1.3378267041,-1.3302115627,-1.3151912483,-1.2931726706,-1.2647350224,-1.2305960583,-1.1915726512,-1.1485392487,-1.102387653,-1.0539909568,-1.0041736331,-0.9536888619,-0.9032033201,-0.8532889662,-0.8044208738,-0.7569799013,-0.7112589129,-0.6674713355,-0.6257609953,-0.586212384,-0.5488607192,-0.5137013612,-0.480698319,-0.4497917115,-0.4209041491],[-0.3970277385,-0.4231925499,-0.4510663158,-0.480698319,-0.5121206106,-0.5453427212,-0.5803456283,-0.6170750467,-0.6554341972,-0.6952763062,-0.7363972168,-0.7785286283,-0.8213326214,-0.8643982515,-0.9072410718,-0.9493064592,-0.9899775181,-1.0285881138,-1.0644412181,-1.0968322517,-1.1250765229,-1.1485392487,-1.1666661141,-1.1790119648,-1.185265135,-1.185265135,-1.1790119648,-1.1666661141,-1.1485392487,-1.1250765229,-1.0968322517,-1.0644412181,-1.0285881138,-0.9899775181,-0.9493064592,-0.9072410718,-0.8643982515,-0.8213326214,-0.7785286283,-0.7363972168,-0.6952763062,-0.6554341972,-0.6170750467,-0.5803456283,-0.5453427212,-0.5121206106,-0.480698319,-0.4510663158,-0.4231925499,-0.3970277385],[-0.3743778258,-0.3980638599,-0.4231925499,-0.4497917115,-0.4778727581,-0.507426374,-0.5384176916,-0.5707810592,-0.6044145504,-0.6391744451,-0.6748699988,-0.7112589129,-0.7480440053,-0.7848716544,-0.8213326214,-0.8569658333,-0.8912656158,-0.9236926763,-0.9536888619,-0.9806953639,-1.0041736331,-1.0236278691,-1.0386276055,-1.0488286936,-1.0539909568,-1.0539909568,-1.0488286936,-1.0386276055,-1.0236278691,-1.0041736331,-0.9806953639,-0.9536888619,-0.9236926763,-0.8912656158,-0.8569658333,-0.8213326214,-0.7848716544,-0.7480440053,-0.7112589129,-0.6748699988,-0.6391744451,-0.6044145504,-0.5707810592,-0.5384176916,-0.507426374,-0.4778727581,-0.4497917115,-0.4231925499,-0.3980638599,-0.3743778258],[-0.3529427226,-0.3743778258,-0.3970277385,-0.4209041491,-0.4460035071,-0.4723035225,-0.499759351,-0.5282995572,-0.5578219948,-0.5881898015,-0.6192277684,-0.6507194061,-0.6824050828,-0.7139816485,-0.7451039652,-0.775388728,-0.8044208738,-0.8317627284,-0.8569658333,-0.8795851457,-0.8991950233,-0.9154061419,-0.9278822733,-0.9363557238,-0.9406402288,-0.9406402288,-0.9363557238,-0.9278822733,-0.9154061419,-0.8991950233,-0.8795851457,-0.8569658333,-0.8317627284,-0.8044208738,-0.775388728,-0.7451039652,-0.7139816485,-0.6824050828,-0.6507194061,-0.6192277684,-0.5881898015,-0.5578219948,-0.5282995572,-0.499759351,-0.4723035225,-0.4460035071,-0.4209041491,-0.3970277385,-0.3743778258,-0.3529427226]]}