{"columns":[0,1,2,3,4,5,6,7,8,9,10,11,12,13,14,15,16,17,18,19,20,21,22,23,24,25,26,27,28,29,30,31,32,33,34,35,36,37,38,39,40,41,42,43,44,45,46,47,48,49],"index":[0,1,2,3,4,5,6,7,8,9,10,11,12,13,14,15,16,17,18,19,20,21,22,23,24,25,26,27,28,29,30,31,32,33,34,35,36,37,38,39,40,41,42,43,44,45,46,47,48,49],"data":[[-3.2885493952,-3.2511380249,-3.2137068026,-3.1763271645,-3.1390800776,-3.1020567927,-3.0653595466,-3.0291021788,-2.9934106112,-2.9584231359,-2.9242904453,-2.8911753304,-2.8592519715,-2.8287047439,-2.7997264703,-2.7725160662,-2.7472755515,-2.7242064386,-2.7035055535,-2.685360402,-2.6699442512,-2.6574111464,-2.6478911319,-2.6414859584,-2.6382655623,-2.6382655623,-2.6414859584,-2.6478911319,-2.6574111464,-2.6699442512,-2.685360402,-2.7035055535,-2.7242064386,-2.7472755515,-2.7725160662,-2.7997264703,-2.8287047439,-2.8592519715,-2.8911753304,-2.9242904453,-2.9584231359,-2.9934106112,-3.0291021788,-3.0653595466,-3.1020567927,-3.1390800776,-3.1763271645,-3.2137068026,-3.2511380249,-3.2885493952],[-3.2511380249,-3.2120421814,-3.1728478607,-3.1336262136,-3.0944588808,-3.0554389659,-3.0166719851,-2.9782767516,-2.9403861388,-2.9031476571,-2.8667237612,-2.8312917975,-2.7970434853,-2.7641838275,-2.7329293462,-2.7035055535,-2.6761435998,-2.6510760837,-2.6285320699,-2.6087314382,-2.5918787664,-2.5781570334,-2.567721493,-2.5606941136,-2.5571589747,-2.5571589747,-2.5606941136,-2.567721493,-2.5781570334,-2.5918787664,-2.6087314382,-2.6285320699,-2.6510760837,-2.6761435998,-2.7035055535,-2.7329293462,-2.7641838275,-2.7970434853,-2.8312917975,-2.8667237612,-2.9031476571,-2.9403861388,-2.9782767516,-3.0166719851,-3.0554389659,-3.0944588808,-3.1336262136,-3.1728478607,-3.2120421814,-3.2511380249],[-3.2137068026,-3.1728478607,-3.1318006207,-3.0906348495,-3.0494317563,-3.0082852236,-2.9673030526,-2.9266081778,-2.8863397922,-2.8466543052,-2.8077260363,-2.7697475287,-2.7329293462,-2.6974992091,-2.6637003154,-2.6317887083,-2.6020295778,-2.5746924401,-2.5500452118,-2.5283473047,-2.5098419783,-2.4947483165,-2.4832532976,-2.4755045,-2.4716040054,-2.4716040054,-2.4755045,-2.4832532976,-2.4947483165,-2.5098419783,-2.5283473047,-2.5500452118,-2.5746924401,-2.6020295778,-2.6317887083,-2.6637003154,-2.6974992091,-2.7329293462,-2.7697475287,-2.8077260363,-2.8466543052,-2.8863397922,-2.9266081778,-2.9673030526,-3.0082852236,-3.0494317563,-3.0906348495,-3.1318006207,-3.1728478607,-3.2137068026],[-3.1763271645,-3.1336262136,-3.0906348495,-3.0474200827,-3.0040612704,-2.960651643,-2.9172998952,-2.8741318024,-2.8312917975,-2.7889444239,-2.7472755515,-2.7064932145,-2.6668278967,-2.6285320699,-2.5918787664,-2.5571589747,-2.5246776653,-2.4947483165,-2.4676859041,-2.4437984574,-2.423377454,-2.4066875118,-2.3939560083,-2.3853633886,-2.3810349662,-2.3810349662,-2.3853633886,-2.3939560083,-2.4066875118,-2.423377454,-2.4437984574,-2.4676859041,-2.4947483165,-2.5246776653,-2.5571589747,-2.5918787664,-2.6285320699,-2.6668278967,-2.7064932145,-2.7472755515,-2.7889444239,-2.8312917975,-2.8741318024,-2.9172998952,-2.960651643,-3.0040612704,-3.0474200827,-3.0906348495,-3.1336262136,-3.1763271645],[-3.1390800776,-3.0944588808,-3.0494317563,-3.0040612704,-2.9584231359,-2.9126080651,-2.8667237612,-2.8208970086,-2.7752758037,-2.7300314373,-2.685360402,-2.6414859584,-2.5986591451,-2.5571589747,-2.5172915161,-2.4793875455,-2.4437984574,-2.4108901811,-2.3810349662,-2.3546010767,-2.3319406781,-2.3133764837,-2.2991880069,-2.2895984916,-2.2847637034,-2.2847637034,-2.2895984916,-2.2991880069,-2.3133764837,-2.3319406781,-2.3546010767,-2.3810349662,-2.4108901811,-2.4437984574,-2.4793875455,-2.5172915161,-2.5571589747,-2.5986591451,-2.6414859584,-2.685360402,-2.7300314373,-2.7752758037,-2.8208970086,-2.8667237612,-2.9126080651,-2.9584231359,-3.0040612704,-3.0494317563,-3.0944588808,-3.1390800776],[-3.1020567927,-3.0554389659,-3.0082852236,-2.960651643,-2.9126080651,-2.8642403019,-2.815652571,-2.7669701347,-2.718342094,-2.6699442512,-2.6219819121,-2.5746924401,-2.5283473047,-2.4832532976,-2.439752512,-2.398220627,-2.3590630134,-2.3227082169,-2.2895984916,-2.2601772913,-2.2348739586,-2.2140862864,-2.1981620788,-2.1873812446,-2.1819401817,-2.1819401817,-2.1873812446,-2.1981620788,-2.2140862864,-2.2348739586,-2.2601772913,-2.2895984916,-2.3227082169,-2.3590630134,-2.398220627,-2.439752512,-2.4832532976,-2.5283473047,-2.5746924401,-2.6219819121,-2.6699442512,-2.718342094,-2.7669701347,-2.815652571,-2.8642403019,-2.9126080651,-2.960651643,-3.0082852236,-3.0554389659,-3.1020567927],[-3.0653595466,-3.0166719851,-2.9673030526,-2.9172998952,-2.8667237612,-2.815652571,-2.7641838275,-2.7124378681,-2.660561426,-2.6087314382,-2.5571589747,-2.5060930967,-2.4558243525,-2.4066875118,-2.3590630134,-2.3133764837,-2.2700955978,-2.2297235375,-2.1927884036,-2.1598282076,-2.1313715299,-2.1079145776,-2.0898961261,-2.0776725426,-2.071495565,-2.071495565,-2.0776725426,-2.0898961261,-2.1079145776,-2.1313715299,-2.1598282076,-2.1927884036,-2.2297235375,-2.2700955978,-2.3133764837,-2.3590630134,-2.4066875118,-2.4558243525,-2.5060930967,-2.5571589747,-2.6087314382,-2.660561426,-2.7124378681,-2.7641838275,-2.815652571,-2.8667237612,-2.9172998952,-2.9673030526,-3.0166719851,-3.0653595466],[-3.0291021788,-2.9782767516,-2.9266081778,-2.8741318024,-2.8208970086,-2.7669701347,-2.7124378681,-2.6574111464,-2.6020295778,-2.5464663489,-2.4909335327,-2.4356876186,-2.3810349662,-2.3273367242,-2.2750125644,-2.2245423659,-2.176464787,-2.1313715299,-2.0898961261,-2.0526963326,-2.0204298322,-1.9937238801,-1.9731407797,-1.9591423495,-1.952057525,-1.952057525,-1.9591423495,-1.9731407797,-1.9937238801,-2.0204298322,-2.0526963326,-2.0898961261,-2.1313715299,-2.176464787,-2.2245423659,-2.2750125644,-2.3273367242,-2.3810349662,-2.4356876186,-2.4909335327,-2.5464663489,-2.6020295778,-2.6574111464,-2.7124378681,-2.7669701347,-2.8208970086,-2.8741318024,-2.9266081778,-2.9782767516,-3.0291021788],[-2.9934106112,-2.9403861388,-2.8863397922,-2.8312917975,-2.7752758037,-2.718342094,-2.660561426,-2.6020295778,-2.5428726699,-2.4832532976,-2.423377454,-2.3635021285,-2.3039433196,-2.245083995,-2.1873812446,-2.1313715299,-2.0776725426,-2.0269798367,-1.9800562071,-1.9377119329,-1.9007746918,-1.8700493154,-1.8462695697,-1.8300464845,-1.8218197725,-1.8218197725,-1.8300464845,-1.8462695697,-1.8700493154,-1.9007746918,-1.9377119329,-1.9800562071,-2.0269798367,-2.0776725426,-2.1313715299,-2.1873812446,-2.245083995,-2.3039433196,-2.3635021285,-2.423377454,-2.4832532976,-2.5428726699,-2.6020295778,-2.660561426,-2.718342094,-2.7752758037,-2.8312917975,-2.8863397922,-2.9403861388,-2.9934106112],[-2.9584231359,-2.9031476571,-2.8466543052,-2.7889444239,-2.7300314373,-2.6699442512,-2.6087314382,-2.5464663489,-2.4832532976,-2.4192349593,-2.3546010767,-2.2895984917,-2.2245423659,-2.1598282076,-2.0959439452,-2.0334807671,-1.9731407797,-1.9157387959,-1.862194918,-1.8135143243,-1.7707512277,-1.7349557693,-1.7071058362,-1.6880300864,-1.6783326837,-1.6783326837,-1.6880300864,-1.7071058362,-1.7349557693,-1.7707512277,-1.8135143243,-1.862194918,-1.9157387959,-1.9731407797,-2.0334807671,-2.0959439452,-2.1598282076,-2.2245423659,-2.2895984917,-2.3546010767,-2.4192349593,-2.4832532976,-2.5464663489,-2.6087314382,-2.6699442512,-2.7300314373,-2.7889444255,-2.8466543052,-2.9031476571,-2.9584231359],[-2.9242904453,-2.8667237612,-2.8077260363,-2.7472755515,-2.685360402,-2.6219819121,-2.5571589747,-2.4909335327,-2.423377454,-2.3546010767,-2.2847637034,-2.2140862864,-2.1428664261,-2.071495565,-2.0004778215,-1.9304492048,-1.862194918,-1.7966610922,-1.7349557693,-1.6783326837,-1.6281511775,-1.5858074775,-1.5526374673,-1.5297989752,-1.5181506088,-1.5181506088,-1.5297989752,-1.5526374673,-1.5858074775,-1.6281511775,-1.6783326837,-1.7349557693,-1.7966610922,-1.862194918,-1.9304492048,-2.0004778215,-2.071495565,-2.1428664261,-2.2140862864,-2.2847637034,-2.3546010767,-2.423377454,-2.4909335327,-2.5571589747,-2.6219819121,-2.685360402,-2.7472755515,-2.8077260363,-2.8667237612,-2.9242904453],[-2.8911753304,-2.8312917975,-2.7697475287,-2.7064932145,-2.6414859584,-2.5746924401,-2.5060930967,-2.4356876187,-2.3635021285,-2.2895984916,-2.2140862864,-2.1371380119,-2.0590081068,-1.9800562071,-1.9007746918,-1.8218197725,-1.7440439844,-1.6685257338,-1.5965885178,-1.5297989752,-1.469930288,-1.4188779261,-1.3785212057,-1.3505383434,-1.3362023595,-1.3362023595,-1.3505383434,-1.3785212057,-1.4188779261,-1.469930288,-1.5297989752,-1.5965885178,-1.6685257338,-1.7440439844,-1.8218197725,-1.9007746918,-1.9800562071,-2.0590081068,-2.1371380119,-2.2140862864,-2.2895984916,-2.3635021285,-2.4356876187,-2.5060930967,-2.5746924401,-2.6414859584,-2.7064932145,-2.7697475287,-2.8312917975,-2.8911753304],[-2.8592519715,-2.7970434853,-2.7329293462,-2.6668278967,-2.5986591451,-2.5283473047,-2.4558243525,-2.3810349662,-2.3039433196,-2.2245423659,-2.1428664261,-2.0590081068,-1.9731407797,-1.885547991,-1.7966610922,-1.7071058362,-1.617757231,-1.5297989752,-1.4447786408,-1.3646421774,-1.2917224999,-1.2286510339,-1.178165835,-1.1428137277,-1.1245876398,-1.1245876398,-1.1428137277,-1.178165835,-1.2286510339,-1.2917224999,-1.3646421774,-1.4447786408,-1.5297989752,-1.617757231,-1.7071058362,-1.7966610922,-1.885547991,-1.9731407797,-2.0590081068,-2.1428664261,-2.2245423659,-2.3039433196,-2.3810349662,-2.4558243525,-2.5283473047,-2.5986591451,-2.6668278967,-2.7329293462,-2.7970434853,-2.8592519715],[-2.8287047439,-2.7641838275,-2.6974992091,-2.6285320699,-2.5571589747,-2.4832532976,-2.4066875118,-2.3273367242,-2.245083995,-2.1598282076,-2.071495565,-1.9800562071,-1.885547991,-1.7881101323,-1.6880300864,-1.5858074775,-1.4822384442,-1.3785212057,-1.2763768767,-1.178165835,-1.0869577502,-1.0064870852,-0.9409127297,-0.8943312307,-0.8700908857,-0.8700908857,-0.8943312307,-0.9409127297,-1.0064870852,-1.0869577502,-1.178165835,-1.2763768767,-1.3785212057,-1.4822384442,-1.5858074775,-1.6880300864,-1.7881101323,-1.885547991,-1.9800562071,-2.071495565,-2.1598282076,-2.245083995,-2.3273367242,-2.4066875118,-2.4832532976,-2.5571589747,-2.6285320699,-2.6974992091,-2.7641838275,-2.8287047439],[-2.7997264703,-2.7329293462,-2.6637003154,-2.5918787664,-2.5172915161,-2.439752512,-2.3590630134,-2.2750125644,-2.1873812446,-2.0959439452,-2.0004778215,-1.9007746918,-1.7966610922,-1.6880300864,-1.5748909369,-1.4574453946,-1.3362023595,-1.2121445617,-1.0869577502,-0.9633159937,-0.8451721044,-0.7379194405,-0.6481949426,-0.5830861666,-0.5487312318,-0.5487312318,-0.5830861666,-0.6481949426,-0.7379194405,-0.8451721044,-0.9633159937,-1.0869577502,-1.2121445617,-1.3362023595,-1.4574453946,-1.5748909369,-1.6880300864,-1.7966610922,-1.9007746918,-2.0004778215,-2.0959439452,-2.1873812446,-2.2750125644,-2.3590630134,-2.439752512,-2.5172915161,-2.5918787664,-2.6637003154,-2.7329293462,-2.7997264703],[-2.7725160662,-2.7035055535,-2.6317887083,-2.5571589747,-2.4793875455,-2.398220627,-2.3133764837,-2.2245423659,-2.1313715299,-2.0334807671,-1.9304492048,-1.8218197725,-1.7071058362,-1.5858074775,-1.4574453946,-1.3216265201,-1.178165835,-1.027305166,-0.8700908857,-0.7089844802,-0.5487312318,-0.3972836318,-0.2660660499,-0.168458635,-0.1162894074,-0.1162894074,-0.168458635,-0.2660660499,-0.3972836318,-0.5487312318,-0.7089844802,-0.8700908857,-1.027305166,-1.178165835,-1.3216265201,-1.4574453946,-1.5858074775,-1.7071058362,-1.8218197725,-1.9304492048,-2.0334807671,-2.1313715299,-2.2245423659,-2.3133764837,-2.398220627,-2.4793875455,-2.5571589747,-2.6317887083,-2.7035055535,-2.7725160662],[-2.7472755515,-2.6761435998,-2.6020295778,-2.5246776653,-2.4437984574,-2.3590630134,-2.2700955978,-2.176464787,-2.0776725426,-1.9731407797,-1.862194918,-1.7440439844,-1.617757231,-1.4822384442,-1.3362023595,-1.178165835,-1.0064870852,-0.8195375389,-0.616215141,-0.3972836318,-0.168458635,0.0541468381,0.2407831525,0.361975171,0.41484213,0.41484213,0.361975171,0.2407831525,0.0541468381,-0.168458635,-0.3972836318,-0.616215141,-0.8195375389,-1.0064870852,-1.178165835,-1.3362023595,-1.4822384442,-1.617757231,-1.7440439844,-1.862194918,-1.9731407797,-2.0776725426,-2.176464787,-2.2700955978,-2.3590630134,-2.4437984574,-2.5246776653,-2.6020295778,-2.6761435998,-2.7472755515],[-2.7242064386,-2.6510760837,-2.5746924401,-2.4947483165,-2.4108901811,-2.3227082169,-2.2297235375,-2.1313715299,-2.0269798367,-1.9157387959,-1.7966610922,-1.6685257338,-1.5297989752,-1.3785212057,-1.2121445617,-1.027305166,-0.8195375389,-0.5830861666,-0.3117127936,-0.0049373944,0.3029343549,0.4863354593,0.4611766691,0.3619474806,0.2982263995,0.2982263995,0.3619474806,0.4611766691,0.4863354593,0.3029343549,-0.0049373944,-0.3117127936,-0.5830861666,-0.8195375389,-1.027305166,-1.2121445617,-1.3785212057,-1.5297989752,-1.6685257338,-1.7966610922,-1.9157387959,-2.0269798367,-2.1313715299,-2.2297235375,-2.3227082169,-2.4108901811,-2.4947483165,-2.5746924401,-2.6510760837,-2.7242064386],[-2.7035055535,-2.6285320699,-2.5500452118,-2.4676859041,-2.3810349662,-2.2895984916,-2.1927884036,-2.0898961261,-1.9800562071,-1.862194918,-1.7349557693,-1.5965885178,-1.4447786408,-1.2763768767,-1.0869577502,-0.8700908857,-0.616215141,-0.3117127936,0.0541468381,0.41484213,0.4611766691,0.2298825393,0.0188768273,-0.1162320393,-0.1809848143,-0.1809848143,-0.1162320393,0.0188768273,0.2298825393,0.4611766691,0.41484213,0.0541468381,-0.3117127936,-0.616215141,-0.8700908857,-1.0869577502,-1.2763768767,-1.4447786408,-1.5965885178,-1.7349557693,-1.862194918,-1.9800562071,-2.0898961261,-2.1927884036,-2.2895984916,-2.3810349662,-2.4676859041,-2.5500452118,-2.6285320699,-2.7035055535],[-2.685360402,-2.6087314382,-2.5283473047,-2.4437984574,-2.3546010767,-2.2601772913,-2.1598282076,-2.0526963326,-1.9377119329,-1.8135143243,-1.6783326837,-1.5297989752,-1.3646421774,-1.178165835,-0.9633159937,-0.7089844802,-0.3972836318,-0.0049373944,0.41484213,0.4176152857,0.0887761903,-0.1809848143,-0.3642446174,-0.4787047786,-0.5342090007,-0.5342090007,-0.4787047786,-0.3642446174,-0.1809848143,0.0887761903,0.4176152857,0.41484213,-0.0049373944,-0.3972836318,-0.7089844802,-0.9633159937,-1.178165835,-1.3646421774,-1.5297989752,-1.6783326837,-1.8135143243,-1.9377119329,-2.0526963326,-2.1598282076,-2.2601772913,-2.3546010767,-2.4437984574,-2.5283473047,-2.6087314382,-2.685360402],[-2.6699442512,-2.5918787664,-2.5098419783,-2.423377454,-2.3319406781,-2.2348739586,-2.1313715299,-2.0204298322,-1.9007746918,-1.7707512277,-1.6281511775,-1.469930288,-1.2917224999,-1.0869577502,-0.8451721044,-0.5487312318,-0.168458635,0.3029343549,0.4611766691,0.0887761903,-0.2438354161,-0.4787047786,-0.6429310821,-0.7504229596,-0.8045299581,-0.8045299581,-0.7504229596,-0.6429310821,-0.4787047786,-0.2438354161,0.0887761903,0.4611766691,0.3029343549,-0.168458635,-0.5487312318,-0.8451721044,-1.0869577502,-1.2917224999,-1.469930288,-1.6281511775,-1.7707512277,-1.9007746918,-2.0204298322,-2.1313715299,-2.2348739586,-2.3319406781,-2.423377454,-2.5098419783,-2.5918787664,-2.6699442512],[-2.6574111464,-2.5781570334,-2.4947483165,-2.4066875118,-2.3133764837,-2.2140862864,-2.1079145776,-1.9937238801,-1.8700493154,-1.7349557693,-1.5858074775,-1.4188779261,-1.2286510339,-1.0064870852,-0.7379194405,-0.3972836318,0.0541468381,0.4863354593,0.2298825393,-0.1809848143,-0.4787047786,-0.6966785008,-0.8594414318,-0.974084848,-1.0355783199,-1.0355783199,-0.974084848,-0.8594414318,-0.6966785008,-0.4787047786,-0.1809848143,0.2298825393,0.4863354593,0.0541468381,-0.3972836318,-0.7379194405,-1.0064870852,-1.2286510339,-1.4188779261,-1.5858074775,-1.7349557693,-1.8700493154,-1.9937238801,-2.1079145776,-2.2140862864,-2.3133764837,-2.4066875118,-2.4947483165,-2.5781570334,-2.6574111464],[-2.6478911319,-2.567721493,-2.4832532976,-2.3939560083,-2.2991880069,-2.1981620788,-2.0898961261,-1.9731407797,-1.8462695697,-1.7071058362,-1.5526374673,-1.3785212057,-1.178165835,-0.9409127297,-0.6481949426,-0.2660660499,0.2407831525,0.4611766691,0.0188768273,-0.3642446174,-0.6429310821,-0.8594414318,-1.0355783199,-1.174957069,-1.259690612,-1.259690612,-1.174957069,-1.0355783199,-0.8594414318,-0.6429310821,-0.3642446174,0.0188768273,0.4611766691,0.2407831525,-0.2660660499,-0.6481949426,-0.9409127297,-1.178165835,-1.3785212057,-1.5526374673,-1.7071058362,-1.8462695697,-1.9731407797,-2.0898961261,-2.1981620788,-2.2991880069,-2.3939560083,-2.4832532976,-2.567721493,-2.6478911319],[-2.6414859584,-2.5606941136,-2.4755045,-2.3853633886,-2.2895984916,-2.1873812446,-2.0776725426,-1.9591423495,-1.8300464845,-1.6880300864,-1.5297989752,-1.3505383434,-1.1428137277,-0.8943312307,-0.5830861666,-0.168458635,0.361975171,0.3619474806,-0.1162320393,-0.4787047786,-0.7504229596,-0.974084848,-1.174957069,-1.3651987186,-1.5177153702,-1.5177153702,-1.3651987186,-1.174957069,-0.974084848,-0.7504229596,-0.4787047786,-0.1162320393,0.3619474806,0.361975171,-0.168458635,-0.5830861666,-0.8943312307,-1.1428137277,-1.3505383434,-1.5297989752,-1.6880300864,-1.8300464845,-1.9591423495,-2.0776725426,-2.1873812446,-2.2895984916,-2.3853633886,-2.4755045,-2.5606941136,-2.6414859584],[-2.6382655623,-2.5571589747,-2.4716040054,-2.3810349662,-2.2847637034,-2.1819401817,-2.071495565,-1.952057525,-1.8218197725,-1.6783326837,-1.5181506088,-1.3362023595,-1.1245876398,-0.8700908857,-0.5487312318,-0.1162894074,0.41484213,0.2982263995,-0.1809848143,-0.5342090007,-0.8045299581,-1.0355783199,-1.259690612,-1.5177153702,-1.8913458198,-1.8913458198,-1.5177153702,-1.259690612,-1.0355783199,-0.8045299581,-0.5342090007,-0.1809848143,0.2982263995,0.41484213,-0.1162894074,-0.5487312318,-0.8700908857,-1.1245876398,-1.3362023595,-1.5181506088,-1.6783326837,-1.8218197725,-1.952057525,-2.071495565,-2.1819401817,-2.2847637034,-2.3810349662,-2.4716040054,-2.5571589747,-2.6382655623],[-2.6382655623,-2.5571589747,-2.4716040054,-2.3810349662,-2.2847637034,-2.1819401817,-2.071495565,-1.952057525,-1.8218197725,-1.6783326837,-1.5181506088,-1.3362023595,-1.1245876398,-0.8700908857,-0.5487312318,-0.1162894074,0.41484213,0.2982263995,-0.1809848143,-0.5342090007,-0.8045299581,-1.0355783199,-1.259690612,-1.5177153702,-1.8913458198,-1.8913458198,-1.5177153702,-1.259690612,-1.0355783199,-0.8045299581,-0.5342090007,-0.1809848143,0.2982263995,0.41484213,-0.1162894074,-0.5487312318,-0.8700908857,-1.1245876398,-1.3362023595,-1.5181506088,-1.6783326837,-1.8218197725,-1.952057525,-2.071495565,-2.1819401817,-2.2847637034,-2.3810349662,-2.4716040054,-2.5571589747,-2.6382655623],[-2.6414859584,-2.5606941136,-2.4755045,-2.3853633886,-2.2895984916,-2.1873812446,-2.0776725426,-1.9591423495,-1.8300464845,-1.6880300864,-1.5297989752,-1.3505383434,-1.1428137277,-0.8943312307,-0.5830861666,-0.168458635,0.361975171,0.3619474806,-0.1162320393,-0.4787047786,-0.7504229596,-0.974084848,-1.174957069,-1.3651987186,-1.5177153702,-1.5177153702,-1.3651987186,-1.174957069,-0.974084848,-0.7504229596,-0.4787047786,-0.1162320393,0.3619474806,0.361975171,-0.168458635,-0.5830861666,-0.8943312307,-1.1428137277,-1.3505383434,-1.5297989752,-1.6880300864,-1.8300464845,-1.9591423495,-2.0776725426,-2.1873812446,-2.2895984916,-2.3853633886,-2.4755045,-2.5606941136,-2.6414859584],[-2.6478911319,-2.567721493,-2.4832532976,-2.3939560083,-2.2991880069,-2.1981620788,-2.0898961261,-1.9731407797,-1.8462695697,-1.7071058362,-1.5526374673,-1.3785212057,-1.178165835,-0.9409127297,-0.6481949426,-0.2660660499,0.2407831525,0.4611766691,0.0188768273,-0.3642446174,-0.6429310821,-0.8594414318,-1.0355783199,-1.174957069,-1.259690612,-1.259690612,-1.174957069,-1.0355783199,-0.8594414318,-0.6429310821,-0.3642446174,0.0188768273,0.4611766691,0.2407831525,-0.2660660499,-0.6481949426,-0.9409127297,-1.178165835,-1.3785212057,-1.5526374673,-1.7071058362,-1.8462695697,-1.9731407797,-2.0898961261,-2.1981620788,-2.2991880069,-2.3939560083,-2.4832532976,-2.567721493,-2.6478911319],[-2.6574111464,-2.5781570334,-2.4947483165,-2.4066875118,-2.3133764837,-2.2140862864,-2.1079145776,-1.9937238801,-1.8700493154,-1.7349557693,-1.5858074775,-1.4188779261,-1.2286510339,-1.0064870852,-0.7379194405,-0.3972836318,0.0541468381,0.4863354593,0.2298825393,-0.1809848143,-0.4787047786,-0.6966785008,-0.8594414318,-0.974084848,-1.0355783199,-1.0355783199,-0.974084848,-0.8594414318,-0.6966785008,-0.4787047786,-0.1809848143,0.2298825393,0.4863354593,0.0541468381,-0.3972836318,-0.7379194405,-1.0064870852,-1.2286510339,-1.4188779261,-1.5858074775,-1.7349557693,-1.8700493154,-1.9937238801,-2.1079145776,-2.2140862864,-2.3133764837,-2.4066875118,-2.4947483165,-2.5781570334,-2.6574111464],[-2.6699442512,-2.5918787664,-2.5098419783,-2.423377454,-2.3319406781,-2.2348739586,-2.1313715299,-2.0204298322,-1.9007746918,-1.7707512277,-1.6281511775,-1.469930288,-1.2917224999,-1.0869577502,-0.8451721044,-0.5487312318,-0.168458635,0.3029343549,0.4611766691,0.0887761903,-0.2438354161,-0.4787047786,-0.6429310821,-0.7504229596,-0.8045299581,-0.8045299581,-0.7504229596,-0.6429310821,-0.4787047786,-0.2438354161,0.0887761903,0.4611766691,0.3029343549,-0.168458635,-0.5487312318,-0.8451721044,-1.0869577502,-1.2917224999,-1.469930288,-1.6281511775,-1.7707512277,-1.9007746918,-2.0204298322,-2.1313715299,-2.2348739586,-2.3319406781,-2.423377454,-2.5098419783,-2.5918787664,-2.6699442512],[-2.685360402,-2.6087314382,-2.5283473047,-2.4437984574,-2.3546010767,-2.2601772913,-2.1598282076,-2.0526963326,-1.9377119329,-1.8135143243,-1.6783326837,-1.5297989752,-1.3646421774,-1.178165835,-0.9633159937,-0.7089844802,-0.3972836318,-0.0049373944,0.41484213,0.4176152857,0.0887761903,-0.1809848143,-0.3642446174,-0.4787047786,-0.5342090007,-0.5342090007,-0.4787047786,-0.3642446174,-0.1809848143,0.0887761903,0.4176152857,0.41484213,-0.0049373944,-0.3972836318,-0.7089844802,-0.9633159937,-1.178165835,-1.3646421774,-1.5297989752,-1.6783326837,-1.8135143243,-1.9377119329,-2.0526963326,-2.1598282076,-2.2601772913,-2.3546010767,-2.4437984574,-2.5283473047,-2.6087314382,-2.685360402],[-2.7035055535,-2.6285320699,-2.5500452118,-2.4676859041,-2.3810349662,-2.2895984916,-2.1927884036,-2.0898961261,-1.9800562071,-1.862194918,-1.7349557693,-1.5965885178,-1.4447786408,-1.2763768767,-1.0869577502,-0.8700908857,-0.616215141,-0.3117127936,0.0541468381,0.41484213,0.4611766691,0.2298825393,0.0188768273,-0.1162320393,-0.1809848143,-0.1809848143,-0.1162320393,0.0188768273,0.2298825393,0.4611766691,0.41484213,0.0541468381,-0.3117127936,-0.616215141,-0.8700908857,-1.0869577502,-1.2763768767,-1.4447786408,-1.5965885178,-1.7349557693,-1.862194918,-1.9800562071,-2.0898961261,-2.1927884036,-2.2895984916,-2.3810349662,-2.4676859041,-2.5500452118,-2.6285320699,-2.7035055535],[-2.7242064386,-2.6510760837,-2.5746924401,-2.4947483165,-2.4108901811,-2.3227082169,-2.2297235375,-2.1313715299,-2.0269798367,-1.9157387959,-1.7966610922,-1.6685257338,-1.5297989752,-1.3785212057,-1.2121445617,-1.027305166,-0.8195375389,-0.5830861666,-0.3117127936,-0.0049373944,0.3029343549,0.4863354593,0.4611766691,0.3619474806,0.2982263995,0.2982263995,0.3619474806,0.4611766691,0.4863354593,0.3029343549,-0.0049373944,-0.3117127936,-0.5830861666,-0.8195375389,-1.027305166,-1.2121445617,-1.3785212057,-1.5297989752,-1.6685257338,-1.7966610922,-1.9157387959,-2.0269798367,-2.1313715299,-2.2297235375,-2.3227082169,-2.4108901811,-2.4947483165,-2.5746924401,-2.6510760837,-2.7242064386],[-2.7472755515,-2.6761435998,-2.6020295778,-2.5246776653,-2.4437984574,-2.3590630134,-2.2700955978,-2.176464787,-2.0776725426,-1.9731407797,-1.862194918,-1.7440439844,-1.617757231,-1.4822384442,-1.3362023595,-1.178165835,-1.0064870852,-0.8195375389,-0.616215141,-0.3972836318,-0.168458635,0.0541468381,0.2407831525,0.361975171,0.41484213,0.41484213,0.361975171,0.2407831525,0.0541468381,-0.168458635,-0.3972836318,-0.616215141,-0.8195375389,-1.0064870852,-1.178165835,-1.3362023595,-1.4822384442,-1.617757231,-1.7440439844,-1.862194918,-1.9731407797,-2.0776725426,-2.176464787,-2.2700955978,-2.3590630134,-2.4437984574,-2.5246776653,-2.6020295778,-2.6761435998,-2.7472755515],[-2.7725160662,-2.7035055535,-2.6317887083,-2.5571589747,-2.4793875455,-2.398220627,-2.3133764837,-2.2245423659,-2.1313715299,-2.0334807671,-1.9304492048,-1.8218197725,-1.7071058362,-1.5858074775,-1.4574453946,-1.3216265201,-1.178165835,-1.027305166,-0.8700908857,-0.7089844802,-0.5487312318,-0.3972836318,-0.2660660499,-0.168458635,-0.1162894074,-0.1162894074,-0.168458635,-0.2660660499,-0.3972836318,-0.5487312318,-0.7089844802,-0.8700908857,-1.027305166,-1.178165835,-1.3216265201,-1.4574453946,-1.5858074775,-1.7071058362,-1.8218197725,-1.9304492048,-2.0334807671,-2.1313715299,-2.2245423659,-2.3133764837,-2.398220627,-2.4793875455,-2.5571589747,-2.6317887083,-2.7035055535,-2.7725160662],[-2.7997264703,-2.7329293462,-2.6637003154,-2.5918787664,-2.5172915161,-2.439752512,-2.3590630134,-2.2750125644,-2.1873812446,-2.0959439452,-2.0004778215,-1.9007746918,-1.7966610922,-1.6880300864,-1.5748909369,-1.4574453946,-1.3362023595,-1.2121445617,-1.0869577502,-0.9633159937,-0.8451721044,-0.7379194405,-0.6481949426,-0.5830861666,-0.5487312318,-0.5487312318,-0.5830861666,-0.6481949426,-0.7379194405,-0.8451721044,-0.9633159937,-1.0869577502,-1.2121445617,-1.3362023595,-1.4574453946,-1.5748909369,-1.6880300864,-1.7966610922,-1.9007746918,-2.0004778215,-2.0959439452,-2.1873812446,-2.2750125644,-2.3590630134,-2.439752512,-2.5172915161,-2.5918787664,-2.6637003154,-2.7329293462,-2.7997264703],[-2.8287047439,-2.7641838275,-2.6974992091,-2.6285320699,-2.5571589747,-2.4832532976,-2.4066875118,-2.3273367242,-2.245083995,-2.1598282076,-2.071495565,-1.9800562071,-1.885547991,-1.7881101323,-1.6880300864,-1.5858074775,-1.4822384442,-1.3785212057,-1.2763768767,-1.178165835,-1.0869577502,-1.0064870852,-0.9409127297,-0.8943312307,-0.8700908857,-0.8700908857,-0.8943312307,-0.9409127297,-1.0064870852,-1.0869577502,-1.178165835,-1.2763768767,-1.3785212057,-1.4822384442,-1.5858074775,-1.6880300864,-1.7881101323,-1.885547991,-1.9800562071,-2.071495565,-2.1598282076,-2.245083995,-2.3273367242,-2.4066875118,-2.4832532976,-2.5571589747,-2.6285320699,-2.6974992091,-2.7641838275,-2.8287047439],[-2.8592519715,-2.7970434853,-2.7329293462,-2.6668278967,-2.5986591451,-2.5283473047,-2.4558243525,-2.3810349662,-2.3039433196,-2.2245423659,-2.1428664261,-2.0590081068,-1.9731407797,-1.885547991,-1.7966610922,-1.7071058362,-1.617757231,-1.5297989752,-1.4447786408,-1.3646421774,-1.2917224999,-1.2286510339,-1.178165835,-1.1428137277,-1.1245876398,-1.1245876398,-1.1428137277,-1.178165835,-1.2286510339,-1.2917224999,-1.3646421774,-1.4447786408,-1.5297989752,-1.617757231,-1.7071058362,-1.7966610922,-1.885547991,-1.9731407797,-2.0590081068,-2.1428664261,-2.2245423659,-2.3039433196,-2.3810349662,-2.4558243525,-2.5283473047,-2.5986591451,-2.6668278967,-2.7329293462,-2.7970434853,-2.8592519715],[-2.8911753304,-2.8312917975,-2.7697475287,-2.7064932145,-2.6414859584,-2.5746924401,-2.5060930967,-2.4356876187,-2.3635021285,-2.2895984916,-2.2140862864,-2.1371380119,-2.0590081068,-1.9800562071,-1.9007746918,-1.8218197725,-1.7440439844,-1.6685257338,-1.5965885178,-1.5297989752,-1.469930288,-1.4188779261,-1.3785212057,-1.3505383434,-1.3362023595,-1.3362023595,-1.3505383434,-1.3785212057,-1.4188779261,-1.469930288,-1.5297989752,-1.5965885178,-1.6685257338,-1.7440439844,-1.8218197725,-1.9007746918,-1.9800562071,-2.0590081068,-2.1371380119,-2.2140862864,-2.2895984916,-2.3635021285,-2.4356876187,-2.5060930967,-2.5746924401,-2.6414859584,-2.7064932145,-2.7697475287,-2.8312917975,-2.8911753304],[-2.9242904453,-2.8667237612,-2.8077260363,-2.7472755515,-2.685360402,-2.6219819121,-2.5571589747,-2.4909335327,-2.423377454,-2.3546010767,-2.2847637034,-2.2140862864,-2.1428664261,-2.071495565,-2.0004778215,-1.9304492048,-1.862194918,-1.7966610922,-1.7349557693,-1.6783326837,-1.6281511775,-1.5858074775,-1.5526374673,-1.5297989752,-1.5181506088,-1.5181506088,-1.5297989752,-1.5526374673,-1.5858074775,-1.6281511775,-1.6783326837,-1.7349557693,-1.7966610922,-1.862194918,-1.9304492048,-2.0004778215,-2.071495565,-2.1428664261,-2.2140862864,-2.2847637034,-2.3546010767,-2.423377454,-2.4909335327,-2.5571589747,-2.6219819121,-2.685360402,-2.7472755515,-2.8077260363,-2.8667237612,-2.9242904453],[-2.9584231359,-2.9031476571,-2.8466543052,-2.7889444239,-2.7300314373,-2.6699442512,-2.6087314382,-2.5464663489,-2.4832532976,-2.4192349593,-2.3546010767,-2.2895984917,-2.2245423659,-2.1598282076,-2.0959439452,-2.0334807671,-1.9731407797,-1.9157387959,-1.862194918,-1.8135143243,-1.7707512277,-1.7349557693,-1.7071058362,-1.6880300864,-1.6783326837,-1.6783326837,-1.6880300864,-1.7071058362,-1.7349557693,-1.7707512277,-1.8135143243,-1.862194918,-1.9157387959,-1.9731407797,-2.0334807671,-2.0959439452,-2.1598282076,-2.2245423659,-2.2895984917,-2.3546010767,-2.4192349593,-2.4832532976,-2.5464663489,-2.6087314382,-2.6699442512,-2.7300314373,-2.7889444255,-2.8466543052,-2.9031476571,-2.9584231359],[-2.9934106112,-2.9403861388,-2.8863397922,-2.8312917975,-2.7752758037,-2.718342094,-2.660561426,-2.6020295778,-2.5428726699,-2.4832532976,-2.423377454,-2.3635021285,-2.3039433196,-2.245083995,-2.1873812446,-2.1313715299,-2.0776725426,-2.0269798367,-1.9800562071,-1.9377119329,-1.9007746918,-1.8700493154,-1.8462695697,-1.8300464845,-1.8218197725,-1.8218197725,-1.8300464845,-1.8462695697,-1.8700493154,-1.9007746918,-1.9377119329,-1.9800562071,-2.0269798367,-2.0776725426,-2.1313715299,-2.1873812446,-2.245083995,-2.3039433196,-2.3635021285,-2.423377454,-2.4832532976,-2.5428726699,-2.6020295778,-2.660561426,-2.718342094,-2.7752758037,-2.8312917975,-2.8863397922,-2.9403861388,-2.9934106112],[-3.0291021788,-2.9782767516,-2.9266081778,-2.8741318024,-2.8208970086,-2.7669701347,-2.7124378681,-2.6574111464,-2.6020295778,-2.5464663489,-2.4909335327,-2.4356876186,-2.3810349662,-2.3273367242,-2.2750125644,-2.2245423659,-2.176464787,-2.1313715299,-2.0898961261,-2.0526963326,-2.0204298322,-1.9937238801,-1.9731407797,-1.9591423495,-1.952057525,-1.952057525,-1.9591423495,-1.9731407797,-1.9937238801,-2.0204298322,-2.0526963326,-2.0898961261,-2.1313715299,-2.176464787,-2.2245423659,-2.2750125644,-2.3273367242,-2.3810349662,-2.4356876186,-2.4909335327,-2.5464663489,-2.6020295778,-2.6574111464,-2.7124378681,-2.7669701347,-2.8208970086,-2.8741318024,-2.9266081778,-2.9782767516,-3.0291021788],[-3.0653595466,-3.0166719851,-2.9673030526,-2.9172998952,-2.8667237612,-2.815652571,-2.7641838275,-2.7124378681,-2.660561426,-2.6087314382,-2.5571589747,-2.5060930967,-2.4558243525,-2.4066875118,-2.3590630134,-2.3133764837,-2.2700955978,-2.2297235375,-2.1927884036,-2.1598282076,-2.1313715299,-2.1079145776,-2.0898961261,-2.0776725426,-2.071495565,-2.071495565,-2.0776725426,-2.0898961261,-2.1079145776,-2.1313715299,-2.1598282076,-2.1927884036,-2.2297235375,-2.2700955978,-2.3133764837,-2.3590630134,-2.4066875118,-2.4558243525,-2.5060930967,-2.5571589747,-2.6087314382,-2.660561426,-2.7124378681,-2.7641838275,-2.815652571,-2.8667237612,-2.9172998952,-2.9673030526,-3.0166719851,-3.0653595466],[-3.1020567927,-3.0554389659,-3.0082852236,-2.960651643,-2.9126080651,-2.8642403019,-2.815652571,-2.7669701347,-2.718342094,-2.6699442512,-2.6219819121,-2.5746924401,-2.5283473047,-2.4832532976,-2.439752512,-2.398220627,-2.3590630134,-2.3227082169,-2.2895984916,-2.2601772913,-2.2348739586,-2.2140862864,-2.1981620788,-2.1873812446,-2.1819401817,-2.1819401817,-2.1873812446,-2.1981620788,-2.2140862864,-2.2348739586,-2.2601772913,-2.2895984916,-2.3227082169,-2.3590630134,-2.398220627,-2.439752512,-2.4832532976,-2.5283473047,-2.5746924401,-2.6219819121,-2.6699442512,-2.718342094,-2.7669701347,-2.815652571,-2.8642403019,-2.9126080651,-2.960651643,-3.0082852236,-3.0554389659,-3.1020567927],[-3.1390800776,-3.0944588808,-3.0494317563,-3.0040612704,-2.9584231359,-2.9126080651,-2.8667237612,-2.8208970086,-2.7752758037,-2.7300314373,-2.685360402,-2.6414859584,-2.5986591451,-2.5571589747,-2.5172915161,-2.4793875455,-2.4437984574,-2.4108901811,-2.3810349662,-2.3546010767,-2.3319406781,-2.3133764837,-2.2991880069,-2.2895984916,-2.2847637034,-2.2847637034,-2.2895984916,-2.2991880069,-2.3133764837,-2.3319406781,-2.3546010767,-2.3810349662,-2.4108901811,-2.4437984574,-2.4793875455,-2.5172915161,-2.5571589747,-2.5986591451,-2.6414859584,-2.685360402,-2.7300314373,-2.7752758037,-2.8208970086,-2.8667237612,-2.9126080651,-2.9584231359,-3.0040612704,-3.0494317563,-3.0944588808,-3.1390800776],[-3.1763271645,-3.1336262136,-3.0906348495,-3.0474200827,-3.0040612704,-2.960651643,-2.9172998952,-2.8741318024,-2.8312917975,-2.7889444239,-2.7472755515,-2.7064932145,-2.6668278967,-2.6285320699,-2.5918787664,-2.5571589747,-2.5246776653,-2.4947483165,-2.4676859041,-2.4437984574,-2.423377454,-2.4066875118,-2.3939560083,-2.3853633886,-2.3810349662,-2.3810349662,-2.3853633886,-2.3939560083,-2.4066875118,-2.423377454,-2.4437984574,-2.4676859041,-2.4947483165,-2.5246776653,-2.5571589747,-2.5918787664,-2.6285320699,-2.6668278967,-2.7064932145,-2.7472755515,-2.7889444239,-2.8312917975,-2.8741318024,-2.9172998952,-2.960651643,-3.0040612704,-3.0474200827,-3.0906348495,-3.1336262136,-3.1763271645],[-3.2137068026,-3.1728478607,-3.1318006207,-3.0906348495,-3.0494317563,-3.0082852236,-2.9673030526,-2.9266081778,-2.8863397922,-2.8466543052,-2.8077260363,-2.7697475287,-2.7329293462,-2.6974992091,-2.6637003154,-2.6317887083,-2.6020295778,-2.5746924401,-2.5500452118,-2.5283473047,-2.5098419783,-2.4947483165,-2.4832532976,-2.4755045,-2.4716040054,-2.4716040054,-2.4755045,-2.4832532976,-2.4947483165,-2.5098419783,-2.5283473047,-2.5500452118,-2.5746924401,-2.6020295778,-2.6317887083,-2.6637003154,-2.6974992091,-2.7329293462,-2.7697475287,-2.8077260363,-2.8466543052,-2.8863397922,-2.9266081778,-2.9673030526,-3.0082852236,-3.0494317563,-3.0906348495,-3.1318006207,-3.1728478607,-3.2137068026],[-3.2511380249,-3.2120421814,-3.1728478607,-3.1336262136,-3.0944588808,-3.0554389659,-3.0166719851,-2.9782767516,-2.9403861388,-2.9031476571,-2.8667237612,-2.8312917975,-2.7970434853,-2.7641838275,-2.7329293462,-2.7035055535,-2.6761435998,-2.6510760837,-2.6285320699,-2.6087314382,-2.5918787664,-2.5781570334,-2.567721493,-2.5606941136,-2.5571589747,-2.5571589747,-2.5606941136,-2.567721493,-2.5781570334,-2.5918787664,-2.6087314382,-2.6285320699,-2.6510760837,-2.6761435998,-2.7035055535,-2.7329293462,-2.7641838275,-2.7970434853,-2.8312917975,-2.8667237612,-2.9031476571,-2.9403861388,-2.9782767516,-3.0166719851,-3.0554389659,-3.0944588808,-3.1336262136,-3.1728478607,-3.2120421814,-3.2511380249],[-3.2885493952,-3.2511380249,-3.2137068026,-3.1763271645,-3.1390800776,-3.1020567927,-3.0653595466,-3.0291021788,-2.9934106112,-2.9584231359,-2.9242904453,-2.8911753304,-2.8592519715,-2.8287047439,-2.7997264703,-2.7725160662,-2.7472755515,-2.7242064386,-2.7035055535,-2.685360402,-2.6699442512,-2.6574111464,-2.6478911319,-2.6414859584,-2.6382655623,-2.6382655623,-2.6414859584,-2.6478911319,-2.6574111464,-2.6699442512,-2.685360402,-2.7035055535,-2.7242064386,-2.7472755515,-2.7725160662,-2.7997264703,-2.8287047439,-2.8592519715,-2.8911753304,-2.9242904453,-2.9584231359,-2.9934106112,-3.0291021788,-3.0653595466,-3.1020567927,-3.1390800776,-3.1763271645,-3.2137068026,-3.2511380249,-3.2885493952]]}