{"columns":[0,1,2,3,4,5,6,7,8,9,10,11,12,13,14,15,16,17,18,19,20,21,22,23,24,25,26,27,28,29,30,31,32,33,34,35,36,37,38,39,40,41,42,43,44,45,46,47,48,49],"index":[0,1,2,3,4,5,6,7,8,9,10,11,12,13,14,15,16,17,18,19,20,21,22,23,24,25,26,27,28,29,30,31,32,33,34,35,36,37,38,39,40,41,42,43,44,45,46,47,48,49],"data":[[-2.1560453962,-2.1282680031,-2.100487675,-2.0727578822,-2.0451390789,-2.0176992354,-1.9905143299,-1.9636687734,-1.9372557321,-1.9113773059,-1.8861445174,-1.8616770587,-1.8381027414,-1.8155565976,-1.7941795833,-1.7741168491,-1.7555155611,-1.7385222814,-1.7232799518,-1.7099245619,-1.6985816226,-1.6893626042,-1.6823615262,-1.6776519018,-1.6752842332,-1.6752842332,-1.6776519018,-1.6823615262,-1.6893626042,-1.6985816226,-1.7099245619,-1.7232799518,-1.7385222814,-1.7555155611,-1.7741168491,-1.7941795833,-1.8155565976,-1.8381027414,-1.8616770587,-1.8861445174,-1.9113773059,-1.9372557321,-1.9636687734,-1.9905143299,-2.0176992354,-2.0451390789,-2.0727578822,-2.100487675,-2.1282680031,-2.1560453962],[-2.1282680031,-2.0992525247,-2.0701774276,-2.0410961157,-2.0120696851,-1.9831676136,-1.9544684289,-1.926060323,-1.898041674,-1.8705214269,-1.8436192749,-1.8174655754,-1.792200928,-1.7679753402,-1.7449469077,-1.7232799518,-1.7031425713,-1.6847036058,-1.6681290441,-1.6535779696,-1.6411981865,-1.6311217324,-1.623460524,-1.6183024121,-1.6157079215,-1.6157079215,-1.6183024121,-1.623460524,-1.6311217324,-1.6411981865,-1.6535779696,-1.6681290441,-1.6847036058,-1.7031425713,-1.7232799518,-1.7449469077,-1.7679753402,-1.792200928,-1.8174655754,-1.8436192749,-1.8705214269,-1.898041674,-1.926060323,-1.9544684289,-1.9831676136,-2.0120696851,-2.0410961157,-2.0701774276,-2.0992525247,-2.1282680031],[-2.100487675,-2.0701774276,-2.0397428623,-2.0092365468,-1.9787194486,-1.9482618094,-1.9179440234,-1.8878574865,-1.8581053731,-1.8288032832,-1.8000796916,-1.772076116,-1.7449469077,-1.7188585635,-1.6939884533,-1.6705228683,-1.6486543147,-1.6285780178,-1.6104876561,-1.5945704158,-1.5810015398,-1.5699386293,-1.5615160279,-1.5558396696,-1.5529827794,-1.5529827794,-1.5558396696,-1.5615160279,-1.5699386293,-1.5810015398,-1.5945704158,-1.6104876561,-1.6285780178,-1.6486543147,-1.6705228683,-1.6939884533,-1.7188585635,-1.7449469077,-1.772076116,-1.8000796916,-1.8288032832,-1.8581053731,-1.8878574865,-1.9179440234,-1.9482618094,-1.9787194486,-2.0092365468,-2.0397428623,-2.0701774276,-2.100487675],[-2.0727578822,-2.0410961157,-2.0092365468,-1.977229946,-1.945136162,-1.9130252078,-1.8809783871,-1.8490894273,-1.8174655754,-1.7862285915,-1.7555155611,-1.7254794234,-1.696289094,-1.6681290441,-1.6411981865,-1.6157079215,-1.5918792161,-1.5699386293,-1.5501132678,-1.5326247517,-1.517682388,-1.5054758758,-1.4961679868,-1.4898877502,-1.4867246996,-1.4867246996,-1.4898877502,-1.4961679868,-1.5054758758,-1.517682388,-1.5326247517,-1.5501132678,-1.5699386293,-1.5918792161,-1.6157079215,-1.6411981865,-1.6681290441,-1.696289094,-1.7254794234,-1.7555155611,-1.7862285915,-1.8174655754,-1.8490894273,-1.8809783871,-1.9130252078,-1.945136162,-1.977229946,-2.0092365468,-2.0410961157,-2.0727578822],[-2.0451390789,-2.0120696851,-1.9787194486,-1.945136162,-1.9113773059,-1.8775113722,-1.8436192749,-1.8097958216,-1.7761511994,-1.7428124099,-1.7099245619,-1.6776519018,-1.6461784301,-1.6157079215,-1.5864631428,-1.5586840494,-1.5326247517,-1.5085490853,-1.4867246996,-1.4674157057,-1.4508740936,-1.4373303193,-1.4269836546,-1.4199930443,-1.4164692826,-1.4164692826,-1.4199930443,-1.4269836546,-1.4373303193,-1.4508740936,-1.4674157057,-1.4867246996,-1.5085490853,-1.5326247517,-1.5586840494,-1.5864631428,-1.6157079215,-1.6461784301,-1.6776519018,-1.7099245619,-1.7428124099,-1.7761511994,-1.8097958216,-1.8436192749,-1.8775113722,-1.9113773059,-1.945136162,-1.9787194486,-2.0120696851,-2.0451390789],[-2.0176992354,-1.9831676136,-1.9482618094,-1.9130252078,-1.8775113722,-1.8417856227,-1.8059267665,-1.7700289599,-1.7342036631,-1.6985816226,-1.663314787,-1.6285780178,-1.5945704158,-1.5615160279,-1.5296636588,-1.4992854677,-1.4706740272,-1.4441375454,-1.4199930443,-1.398557448,-1.3801367654,-1.3650138487,-1.3534355146,-1.3456000849,-1.3416465524,-1.3416465524,-1.3456000849,-1.3534355146,-1.3650138487,-1.3801367654,-1.398557448,-1.4199930443,-1.4441375454,-1.4706740272,-1.4992854677,-1.5296636588,-1.5615160279,-1.5945704158,-1.6285780178,-1.663314787,-1.6985816226,-1.7342036631,-1.7700289599,-1.8059267665,-1.8417856227,-1.8775113722,-1.9130252078,-1.9482618094,-1.9831676136,-2.0176992354],[-1.9905143299,-1.9544684289,-1.9179440234,-1.8809783871,-1.8436192749,-1.8059267665,-1.7679753402,-1.7298561735,-1.6916796428,-1.6535779696,-1.6157079215,-1.5782534237,-1.5414278738,-1.5054758758,-1.4706740272,-1.4373303193,-1.4057816541,-1.3763889824,-1.3495296422,-1.32558667,-1.3049351738,-1.2879262975,-1.2748698099,-1.2660168297,-1.2615445058,-1.2615445058,-1.2660168297,-1.2748698099,-1.2879262975,-1.3049351738,-1.32558667,-1.3495296422,-1.3763889824,-1.4057816541,-1.4373303193,-1.4706740272,-1.5054758758,-1.5414278738,-1.5782534237,-1.6157079215,-1.6535779696,-1.6916796428,-1.7298561735,-1.7679753402,-1.8059267665,-1.8436192749,-1.8809783871,-1.9179440234,-1.9544684289,-1.9905143299],[-1.9636687734,-1.926060323,-1.8878574865,-1.8490894273,-1.8097958216,-1.7700289599,-1.7298561735,-1.6893626041,-1.6486543147,-1.6078617126,-1.5671432121,-1.5266890021,-1.4867246996,-1.447514562,-1.4093638015,-1.3726194067,-1.3376687488,-1.3049351738,-1.2748698099,-1.2479390129,-1.2246072852,-1.2053161537,-1.1904603155,-1.1803632153,-1.175254861,-1.175254861,-1.1803632153,-1.1904603155,-1.2053161537,-1.2246072852,-1.2479390129,-1.2748698099,-1.3049351738,-1.3376687488,-1.3726194067,-1.4093638015,-1.447514562,-1.4867246996,-1.5266890021,-1.5671432121,-1.6078617126,-1.6486543147,-1.6893626041,-1.7298561735,-1.7700289599,-1.8097958216,-1.8490894273,-1.8878574865,-1.926060323,-1.9636687734],[-1.9372557321,-1.898041674,-1.8581053731,-1.8174655754,-1.7761511994,-1.7342036631,-1.6916796428,-1.6486543147,-1.6052251143,-1.5615160279,-1.517682388,-1.4739160723,-1.4304509107,-1.3875679558,-1.3456000849,-1.3049351738,-1.2660168297,-1.2293414545,-1.1954503036,-1.1649153242,-1.1383180387,-1.1162216603,-1.0991379719,-1.0874920447,-1.0815892008,-1.0815892008,-1.0874920447,-1.0991379719,-1.1162216603,-1.1383180387,-1.1649153242,-1.1954503036,-1.2293414545,-1.2660168297,-1.3049351738,-1.3456000849,-1.3875679558,-1.4304509107,-1.4739160723,-1.517682388,-1.5615160279,-1.6052251143,-1.6486543147,-1.6916796428,-1.7342036631,-1.7761511994,-1.8174655754,-1.8581053731,-1.898041674,-1.9372557321],[-1.9113773059,-1.8705214269,-1.8288032832,-1.7862285915,-1.7428124099,-1.6985816226,-1.6535779696,-1.6078617126,-1.5615160279,-1.5146522062,-1.4674157057,-1.4199930443,-1.3726194067,-1.32558667,-1.2792512996,-1.2340412176,-1.1904603155,-1.1490888091,-1.1105772382,-1.0756317791,-1.0449889415,-1.0193789329,-0.9994791102,-0.9858617673,-0.978943287,-0.978943287,-0.9858617673,-0.9994791102,-1.0193789329,-1.0449889415,-1.0756317791,-1.1105772382,-1.1490888091,-1.1904603155,-1.2340412176,-1.2792512996,-1.32558667,-1.3726194067,-1.4199930443,-1.4674157057,-1.5146522062,-1.5615160279,-1.6078617126,-1.6535779696,-1.6985816226,-1.7428124099,-1.7862285915,-1.8288032832,-1.8705214269,-1.9113773059],[-1.8861445174,-1.8436192749,-1.8000796916,-1.7555155611,-1.7099245619,-1.663314787,-1.6157079215,-1.5671432121,-1.517682388,-1.4674157057,-1.4164692826,-1.3650138487,-1.3132749554,-1.2615445058,-1.2101931735,-1.1596828066,-1.1105772382,-1.0635490582,-1.0193789329,-0.978943287,-0.9431860638,-0.9130715408,-0.8895183911,-0.8733203473,-0.8650647745,-0.8650647745,-0.8733203473,-0.8895183911,-0.9130715408,-0.9431860638,-0.978943287,-1.0193789329,-1.0635490582,-1.1105772382,-1.1596828066,-1.2101931735,-1.2615445058,-1.3132749554,-1.3650138487,-1.4164692826,-1.4674157057,-1.517682388,-1.5671432121,-1.6157079215,-1.663314787,-1.7099245619,-1.7555155611,-1.8000796916,-1.8436192749,-1.8861445174],[-1.8616770587,-1.8174655754,-1.772076116,-1.7254794234,-1.6776519018,-1.6285780178,-1.5782534237,-1.5266890021,-1.4739160723,-1.4199930443,-1.3650138487,-1.3091184891,-1.252506041,-1.1954503036,-1.1383180387,-1.0815892008,-1.0258776519,-0.9719494509,-0.9207338984,-0.8733203473,-0.8309321133,-0.7948690744,-0.7664146121,-0.7467117139,-0.7366261095,-0.7366261095,-0.7467117139,-0.7664146121,-0.7948690744,-0.8309321133,-0.8733203473,-0.9207338984,-0.9719494509,-1.0258776519,-1.0815892008,-1.1383180387,-1.1954503036,-1.252506041,-1.3091184891,-1.3650138487,-1.4199930443,-1.4739160723,-1.5266890021,-1.5782534237,-1.6285780178,-1.6776519018,-1.7254794234,-1.772076116,-1.8174655754,-1.8616770587],[-1.8381027414,-1.792200928,-1.7449469077,-1.696289094,-1.6461784301,-1.5945704158,-1.5414278738,-1.4867246996,-1.4304509107,-1.3726194067,-1.3132749554,-1.252506041,-1.1904603155,-1.1273644452,-1.0635490582,-0.9994791102,-0.9357890535,-0.8733203473,-0.8131556777,-0.7566395637,-0.7053694003,-0.6611367904,-0.6258010668,-0.601091309,-0.5883620833,-0.5883620833,-0.601091309,-0.6258010668,-0.6611367904,-0.7053694003,-0.7566395637,-0.8131556777,-0.8733203473,-0.9357890535,-0.9994791102,-1.0635490582,-1.1273644452,-1.1904603155,-1.252506041,-1.3132749554,-1.3726194067,-1.4304509107,-1.4867246996,-1.5414278738,-1.5945704158,-1.6461784301,-1.696289094,-1.7449469077,-1.792200928,-1.8381027414],[-1.8155565976,-1.7679753402,-1.7188585635,-1.6681290441,-1.6157079215,-1.5615160279,-1.5054758758,-1.447514562,-1.3875679558,-1.32558667,-1.2615445058,-1.1954503036,-1.1273644452,-1.0574216119,-0.9858617673,-0.9130715408,-0.8396379067,-0.7664146121,-0.6945980041,-0.6258010668,-0.5621010622,-0.5060183469,-0.4603704004,-0.4279564116,-0.4110882061,-0.4110882061,-0.4279564116,-0.4603704004,-0.5060183469,-0.5621010622,-0.6258010668,-0.6945980041,-0.7664146121,-0.8396379067,-0.9130715408,-0.9858617673,-1.0574216119,-1.1273644452,-1.1954503036,-1.2615445058,-1.32558667,-1.3875679558,-1.447514562,-1.5054758758,-1.5615160279,-1.6157079215,-1.6681290441,-1.7188585635,-1.7679753402,-1.8155565976],[-1.7941795833,-1.7449469077,-1.6939884533,-1.6411981865,-1.5864631428,-1.5296636588,-1.4706740272,-1.4093638015,-1.3456000849,-1.2792512996,-1.2101931735,-1.1383180387,-1.0635490582,-0.9858617673,-0.9053163905,-0.8221058504,-0.7366261095,-0.6495769716,-0.5621010622,-0.4759623471,-0.3937449891,-0.3190066466,-0.256243439,-0.2104568975,-0.1861827098,-0.1861827098,-0.2104568975,-0.256243439,-0.3190066466,-0.3937449891,-0.4759623471,-0.5621010622,-0.6495769716,-0.7366261095,-0.8221058504,-0.9053163905,-0.9858617673,-1.0635490582,-1.1383180387,-1.2101931735,-1.2792512996,-1.3456000849,-1.4093638015,-1.4706740272,-1.5296636588,-1.5864631428,-1.6411981865,-1.6939884533,-1.7449469077,-1.7941795833],[-1.7741168491,-1.7232799518,-1.6705228683,-1.6157079215,-1.5586840494,-1.4992854677,-1.4373303193,-1.3726194067,-1.3049351738,-1.2340412176,-1.1596828066,-1.0815892008,-0.9994791102,-0.9130715408,-0.8221058504,-0.7263775483,-0.6258010668,-0.5205187383,-0.4110882061,-0.2987988045,-0.1861827098,-0.0777587192,0.0191431496,0.0941689691,0.1357547637,0.1357547637,0.0941689691,0.0191431496,-0.0777587192,-0.1861827098,-0.2987988045,-0.4110882061,-0.5205187383,-0.6258010668,-0.7263775483,-0.8221058504,-0.9130715408,-0.9994791102,-1.0815892008,-1.1596828066,-1.2340412176,-1.3049351738,-1.3726194067,-1.4373303193,-1.4992854677,-1.5586840494,-1.6157079215,-1.6705228683,-1.7232799518,-1.7741168491],[-1.7555155611,-1.7031425713,-1.6486543147,-1.5918792161,-1.5326247517,-1.4706740272,-1.4057816541,-1.3376687488,-1.2660168297,-1.1904603155,-1.1105772382,-1.0258776519,-0.9357890535,-0.8396379067,-0.7366261095,-0.6258010668,-0.5060183469,-0.3758981519,-0.2337858464,-0.0777587192,0.0941689691,0.2831147946,0.4859097445,0.6843125482,0.823339318,0.823339318,0.6843125482,0.4859097445,0.2831147946,0.0941689691,-0.0777587192,-0.2337858464,-0.3758981519,-0.5060183469,-0.6258010668,-0.7366261095,-0.8396379067,-0.9357890535,-1.0258776519,-1.1105772382,-1.1904603155,-1.2660168297,-1.3376687488,-1.4057816541,-1.4706740272,-1.5326247517,-1.5918792161,-1.6486543147,-1.7031425713,-1.7555155611],[-1.7385222814,-1.6847036058,-1.6285780178,-1.5699386293,-1.5085490853,-1.4441375454,-1.3763889824,-1.3049351738,-1.2293414545,-1.1490888091,-1.0635490582,-0.9719494509,-0.8733203473,-0.7664146121,-0.6495769716,-0.5205187383,-0.3758981519,-0.2104568975,-0.0149870113,0.229513053,0.5755706932,1.3553731992,1.0357584285,0.7648176718,0.6785939737,0.6785939737,0.7648176718,1.0357584285,1.3553731992,0.5755706932,0.229513053,-0.0149870113,-0.2104568975,-0.3758981519,-0.5205187383,-0.6495769716,-0.7664146121,-0.8733203473,-0.9719494509,-1.0635490582,-1.1490888091,-1.2293414545,-1.3049351738,-1.3763889824,-1.4441375454,-1.5085490853,-1.5699386293,-1.6285780178,-1.6847036058,-1.7385222814],[-1.7232799518,-1.6681290441,-1.6104876561,-1.5501132678,-1.4867246996,-1.4199930443,-1.3495296422,-1.2748698099,-1.1954503036,-1.1105772382,-1.0193789329,-0.9207338984,-0.8131556777,-0.6945980041,-0.5621010622,-0.4110882061,-0.2337858464,-0.0149870113,0.2831147946,0.823339318,1.0357584285,0.60879265,0.4562501264,0.3823944692,0.3507514564,0.3507514564,0.3823944692,0.4562501264,0.60879265,1.0357584285,0.823339318,0.2831147946,-0.0149870113,-0.2337858464,-0.4110882061,-0.5621010622,-0.6945980041,-0.8131556777,-0.9207338984,-1.0193789329,-1.1105772382,-1.1954503036,-1.2748698099,-1.3495296422,-1.4199930443,-1.4867246996,-1.5501132678,-1.6104876561,-1.6681290441,-1.7232799518],[-1.7099245619,-1.6535779696,-1.5945704158,-1.5326247517,-1.4674157057,-1.398557448,-1.32558667,-1.2479390129,-1.1649153242,-1.0756317791,-0.978943287,-0.8733203473,-0.7566395637,-0.6258010668,-0.4759623471,-0.2987988045,-0.0777587192,0.229513053,0.823339318,0.8769212615,0.5001337109,0.3507514564,0.2707324245,0.2265977654,0.2066289721,0.2066289721,0.2265977654,0.2707324245,0.3507514564,0.5001337109,0.8769212615,0.823339318,0.229513053,-0.0777587192,-0.2987988045,-0.4759623471,-0.6258010668,-0.7566395637,-0.8733203473,-0.978943287,-1.0756317791,-1.1649153242,-1.2479390129,-1.32558667,-1.398557448,-1.4674157057,-1.5326247517,-1.5945704158,-1.6535779696,-1.7099245619],[-1.6985816226,-1.6411981865,-1.5810015398,-1.517682388,-1.4508740936,-1.3801367654,-1.3049351738,-1.2246072852,-1.1383180387,-1.0449889415,-0.9431860638,-0.8309321133,-0.7053694003,-0.5621010622,-0.3937449891,-0.1861827098,0.0941689691,0.5755706932,1.0357584285,0.5001337109,0.3218572272,0.2265977654,0.1701337059,0.1374762031,0.1223626285,0.1223626285,0.1374762031,0.1701337059,0.2265977654,0.3218572272,0.5001337109,1.0357584285,0.5755706932,0.0941689691,-0.1861827098,-0.3937449891,-0.5621010622,-0.7053694003,-0.8309321133,-0.9431860638,-1.0449889415,-1.1383180387,-1.2246072852,-1.3049351738,-1.3801367654,-1.4508740936,-1.517682388,-1.5810015398,-1.6411981865,-1.6985816226],[-1.6893626041,-1.6311217324,-1.5699386293,-1.5054758758,-1.4373303193,-1.3650138487,-1.2879262975,-1.2053161537,-1.1162216603,-1.0193789329,-0.9130715408,-0.7948690744,-0.6611367904,-0.5060183469,-0.3190066466,-0.0777587192,0.2831147946,1.3553731992,0.60879265,0.3507514564,0.2265977654,0.1533732991,0.1079631598,0.0810708257,0.0684772185,0.0684772185,0.0810708257,0.1079631598,0.1533732991,0.2265977654,0.3507514564,0.60879265,1.3553731992,0.2831147946,-0.0777587192,-0.3190066466,-0.5060183469,-0.6611367904,-0.7948690744,-0.9130715408,-1.0193789329,-1.1162216603,-1.2053161537,-1.2879262975,-1.3650138487,-1.4373303193,-1.5054758758,-1.5699386293,-1.6311217324,-1.6893626041],[-1.6823615262,-1.623460524,-1.5615160279,-1.4961679868,-1.4269836546,-1.3534355146,-1.2748698099,-1.1904603155,-1.0991379719,-0.9994791102,-0.8895183911,-0.7664146121,-0.6258010668,-0.4603704004,-0.256243439,0.0191431496,0.4859097445,1.0357584285,0.4562501264,0.2707324245,0.1701337059,0.1079631598,0.0684772185,0.0447843166,0.0336139419,0.0336139419,0.0447843166,0.0684772185,0.1079631598,0.1701337059,0.2707324245,0.4562501264,1.0357584285,0.4859097445,0.0191431496,-0.256243439,-0.4603704004,-0.6258010668,-0.7664146121,-0.8895183911,-0.9994791102,-1.0991379719,-1.1904603155,-1.2748698099,-1.3534355146,-1.4269836546,-1.4961679868,-1.5615160279,-1.623460524,-1.6823615262],[-1.6776519018,-1.6183024121,-1.5558396696,-1.4898877502,-1.4199930443,-1.3456000849,-1.2660168297,-1.1803632153,-1.0874920447,-0.9858617673,-0.8733203473,-0.7467117139,-0.601091309,-0.4279564116,-0.2104568975,0.0941689691,0.6843125482,0.7648176718,0.3823944692,0.2265977654,0.1374762031,0.0810708257,0.0447843166,0.0228528811,0.0124738743,0.0124738743,0.0228528811,0.0447843166,0.0810708257,0.1374762031,0.2265977654,0.3823944692,0.7648176718,0.6843125482,0.0941689691,-0.2104568975,-0.4279564116,-0.601091309,-0.7467117139,-0.8733203473,-0.9858617673,-1.0874920447,-1.1803632153,-1.2660168297,-1.3456000849,-1.4199930443,-1.4898877502,-1.5558396696,-1.6183024121,-1.6776519018],[-1.6752842332,-1.6157079215,-1.5529827794,-1.4867246996,-1.4164692826,-1.3416465524,-1.2615445058,-1.175254861,-1.0815892008,-0.978943287,-0.8650647745,-0.7366261095,-0.5883620833,-0.4110882061,-0.1861827098,0.1357547637,0.823339318,0.6785939737,0.3507514564,0.2066289721,0.1223626285,0.0684772185,0.0336139419,0.0124738743,0.0024522411,0.0024522411,0.0124738743,0.0336139419,0.0684772185,0.1223626285,0.2066289721,0.3507514564,0.6785939737,0.823339318,0.1357547637,-0.1861827098,-0.4110882061,-0.5883620833,-0.7366261095,-0.8650647745,-0.978943287,-1.0815892008,-1.175254861,-1.2615445058,-1.3416465524,-1.4164692826,-1.4867246996,-1.5529827794,-1.6157079215,-1.6752842332],[-1.6752842332,-1.6157079215,-1.5529827794,-1.4867246996,-1.4164692826,-1.3416465524,-1.2615445058,-1.175254861,-1.0815892008,-0.978943287,-0.8650647745,-0.7366261095,-0.5883620833,-0.4110882061,-0.1861827098,0.1357547637,0.823339318,0.6785939737,0.3507514564,0.2066289721,0.1223626285,0.0684772185,0.0336139419,0.0124738743,0.0024522411,0.0024522411,0.0124738743,0.0336139419,0.0684772185,0.1223626285,0.2066289721,0.3507514564,0.6785939737,0.823339318,0.1357547637,-0.1861827098,-0.4110882061,-0.5883620833,-0.7366261095,-0.8650647745,-0.978943287,-1.0815892008,-1.175254861,-1.2615445058,-1.3416465524,-1.4164692826,-1.4867246996,-1.5529827794,-1.6157079215,-1.6752842332],[-1.6776519018,-1.6183024121,-1.5558396696,-1.4898877502,-1.4199930443,-1.3456000849,-1.2660168297,-1.1803632153,-1.0874920447,-0.9858617673,-0.8733203473,-0.7467117139,-0.601091309,-0.4279564116,-0.2104568975,0.0941689691,0.6843125482,0.7648176718,0.3823944692,0.2265977654,0.1374762031,0.0810708257,0.0447843166,0.0228528811,0.0124738743,0.0124738743,0.0228528811,0.0447843166,0.0810708257,0.1374762031,0.2265977654,0.3823944692,0.7648176718,0.6843125482,0.0941689691,-0.2104568975,-0.4279564116,-0.601091309,-0.7467117139,-0.8733203473,-0.9858617673,-1.0874920447,-1.1803632153,-1.2660168297,-1.3456000849,-1.4199930443,-1.4898877502,-1.5558396696,-1.6183024121,-1.6776519018],[-1.6823615262,-1.623460524,-1.5615160279,-1.4961679868,-1.4269836546,-1.3534355146,-1.2748698099,-1.1904603155,-1.0991379719,-0.9994791102,-0.8895183911,-0.7664146121,-0.6258010668,-0.4603704004,-0.256243439,0.0191431496,0.4859097445,1.0357584285,0.4562501264,0.2707324245,0.1701337059,0.1079631598,0.0684772185,0.0447843166,0.0336139419,0.0336139419,0.0447843166,0.0684772185,0.1079631598,0.1701337059,0.2707324245,0.4562501264,1.0357584285,0.4859097445,0.0191431496,-0.256243439,-0.4603704004,-0.6258010668,-0.7664146121,-0.8895183911,-0.9994791102,-1.0991379719,-1.1904603155,-1.2748698099,-1.3534355146,-1.4269836546,-1.4961679868,-1.5615160279,-1.623460524,-1.6823615262],[-1.6893626041,-1.6311217324,-1.5699386293,-1.5054758758,-1.4373303193,-1.3650138487,-1.2879262975,-1.2053161537,-1.1162216603,-1.0193789329,-0.9130715408,-0.7948690744,-0.6611367904,-0.5060183469,-0.3190066466,-0.0777587192,0.2831147946,1.3553731992,0.60879265,0.3507514564,0.2265977654,0.1533732991,0.1079631598,0.0810708257,0.0684772185,0.0684772185,0.0810708257,0.1079631598,0.1533732991,0.2265977654,0.3507514564,0.60879265,1.3553731992,0.2831147946,-0.0777587192,-0.3190066466,-0.5060183469,-0.6611367904,-0.7948690744,-0.9130715408,-1.0193789329,-1.1162216603,-1.2053161537,-1.2879262975,-1.3650138487,-1.4373303193,-1.5054758758,-1.5699386293,-1.6311217324,-1.6893626041],[-1.6985816226,-1.6411981865,-1.5810015398,-1.517682388,-1.4508740936,-1.3801367654,-1.3049351738,-1.2246072852,-1.1383180387,-1.0449889415,-0.9431860638,-0.8309321133,-0.7053694003,-0.5621010622,-0.3937449891,-0.1861827098,0.0941689691,0.5755706932,1.0357584285,0.5001337109,0.3218572272,0.2265977654,0.1701337059,0.1374762031,0.1223626285,0.1223626285,0.1374762031,0.1701337059,0.2265977654,0.3218572272,0.5001337109,1.0357584285,0.5755706932,0.0941689691,-0.1861827098,-0.3937449891,-0.5621010622,-0.7053694003,-0.8309321133,-0.9431860638,-1.0449889415,-1.1383180387,-1.2246072852,-1.3049351738,-1.3801367654,-1.4508740936,-1.517682388,-1.5810015398,-1.6411981865,-1.6985816226],[-1.7099245619,-1.6535779696,-1.5945704158,-1.5326247517,-1.4674157057,-1.398557448,-1.32558667,-1.2479390129,-1.1649153242,-1.0756317791,-0.978943287,-0.8733203473,-0.7566395637,-0.6258010668,-0.4759623471,-0.2987988045,-0.0777587192,0.229513053,0.823339318,0.8769212615,0.5001337109,0.3507514564,0.2707324245,0.2265977654,0.2066289721,0.2066289721,0.2265977654,0.2707324245,0.3507514564,0.5001337109,0.8769212615,0.823339318,0.229513053,-0.0777587192,-0.2987988045,-0.4759623471,-0.6258010668,-0.7566395637,-0.8733203473,-0.978943287,-1.0756317791,-1.1649153242,-1.2479390129,-1.32558667,-1.398557448,-1.4674157057,-1.5326247517,-1.5945704158,-1.6535779696,-1.7099245619],[-1.7232799518,-1.6681290441,-1.6104876561,-1.5501132678,-1.4867246996,-1.4199930443,-1.3495296422,-1.2748698099,-1.1954503036,-1.1105772382,-1.0193789329,-0.9207338984,-0.8131556777,-0.6945980041,-0.5621010622,-0.4110882061,-0.2337858464,-0.0149870113,0.2831147946,0.823339318,1.0357584285,0.60879265,0.4562501264,0.3823944692,0.3507514564,0.3507514564,0.3823944692,0.4562501264,0.60879265,1.0357584285,0.823339318,0.2831147946,-0.0149870113,-0.2337858464,-0.4110882061,-0.5621010622,-0.6945980041,-0.8131556777,-0.9207338984,-1.0193789329,-1.1105772382,-1.1954503036,-1.2748698099,-1.3495296422,-1.4199930443,-1.4867246996,-1.5501132678,-1.6104876561,-1.6681290441,-1.7232799518],[-1.7385222814,-1.6847036058,-1.6285780178,-1.5699386293,-1.5085490853,-1.4441375454,-1.3763889824,-1.3049351738,-1.2293414545,-1.1490888091,-1.0635490582,-0.9719494509,-0.8733203473,-0.7664146121,-0.6495769716,-0.5205187383,-0.3758981519,-0.2104568975,-0.0149870113,0.229513053,0.5755706932,1.3553731992,1.0357584285,0.7648176718,0.6785939737,0.6785939737,0.7648176718,1.0357584285,1.3553731992,0.5755706932,0.229513053,-0.0149870113,-0.2104568975,-0.3758981519,-0.5205187383,-0.6495769716,-0.7664146121,-0.8733203473,-0.9719494509,-1.0635490582,-1.1490888091,-1.2293414545,-1.3049351738,-1.3763889824,-1.4441375454,-1.5085490853,-1.5699386293,-1.6285780178,-1.6847036058,-1.7385222814],[-1.7555155611,-1.7031425713,-1.6486543147,-1.5918792161,-1.5326247517,-1.4706740272,-1.4057816541,-1.3376687488,-1.2660168297,-1.1904603155,-1.1105772382,-1.0258776519,-0.9357890535,-0.8396379067,-0.7366261095,-0.6258010668,-0.5060183469,-0.3758981519,-0.2337858464,-0.0777587192,0.0941689691,0.2831147946,0.4859097445,0.6843125482,0.823339318,0.823339318,0.6843125482,0.4859097445,0.2831147946,0.0941689691,-0.0777587192,-0.2337858464,-0.3758981519,-0.5060183469,-0.6258010668,-0.7366261095,-0.8396379067,-0.9357890535,-1.0258776519,-1.1105772382,-1.1904603155,-1.2660168297,-1.3376687488,-1.4057816541,-1.4706740272,-1.5326247517,-1.5918792161,-1.6486543147,-1.7031425713,-1.7555155611],[-1.7741168491,-1.7232799518,-1.6705228683,-1.6157079215,-1.5586840494,-1.4992854677,-1.4373303193,-1.3726194067,-1.3049351738,-1.2340412176,-1.1596828066,-1.0815892008,-0.9994791102,-0.9130715408,-0.8221058504,-0.7263775483,-0.6258010668,-0.5205187383,-0.4110882061,-0.2987988045,-0.1861827098,-0.0777587192,0.0191431496,0.0941689691,0.1357547637,0.1357547637,0.0941689691,0.0191431496,-0.0777587192,-0.1861827098,-0.2987988045,-0.4110882061,-0.5205187383,-0.6258010668,-0.7263775483,-0.8221058504,-0.9130715408,-0.9994791102,-1.0815892008,-1.1596828066,-1.2340412176,-1.3049351738,-1.3726194067,-1.4373303193,-1.4992854677,-1.5586840494,-1.6157079215,-1.6705228683,-1.7232799518,-1.7741168491],[-1.7941795833,-1.7449469077,-1.6939884533,-1.6411981865,-1.5864631428,-1.5296636588,-1.4706740272,-1.4093638015,-1.3456000849,-1.2792512996,-1.2101931735,-1.1383180387,-1.0635490582,-0.9858617673,-0.9053163905,-0.8221058504,-0.7366261095,-0.6495769716,-0.5621010622,-0.4759623471,-0.3937449891,-0.3190066466,-0.256243439,-0.2104568975,-0.1861827098,-0.1861827098,-0.2104568975,-0.256243439,-0.3190066466,-0.3937449891,-0.4759623471,-0.5621010622,-0.6495769716,-0.7366261095,-0.8221058504,-0.9053163905,-0.9858617673,-1.0635490582,-1.1383180387,-1.2101931735,-1.2792512996,-1.3456000849,-1.4093638015,-1.4706740272,-1.5296636588,-1.5864631428,-1.6411981865,-1.6939884533,-1.7449469077,-1.7941795833],[-1.8155565976,-1.7679753402,-1.7188585635,-1.6681290441,-1.6157079215,-1.5615160279,-1.5054758758,-1.447514562,-1.3875679558,-1.32558667,-1.2615445058,-1.1954503036,-1.1273644452,-1.0574216119,-0.9858617673,-0.9130715408,-0.8396379067,-0.7664146121,-0.6945980041,-0.6258010668,-0.5621010622,-0.5060183469,-0.4603704004,-0.4279564116,-0.4110882061,-0.4110882061,-0.4279564116,-0.4603704004,-0.5060183469,-0.5621010622,-0.6258010668,-0.6945980041,-0.7664146121,-0.8396379067,-0.9130715408,-0.9858617673,-1.0574216119,-1.1273644452,-1.1954503036,-1.2615445058,-1.32558667,-1.3875679558,-1.447514562,-1.5054758758,-1.5615160279,-1.6157079215,-1.6681290441,-1.7188585635,-1.7679753402,-1.8155565976],[-1.8381027414,-1.792200928,-1.7449469077,-1.696289094,-1.6461784301,-1.5945704158,-1.5414278738,-1.4867246996,-1.4304509107,-1.3726194067,-1.3132749554,-1.252506041,-1.1904603155,-1.1273644452,-1.0635490582,-0.9994791102,-0.9357890535,-0.8733203473,-0.8131556777,-0.7566395637,-0.7053694003,-0.6611367904,-0.6258010668,-0.601091309,-0.5883620833,-0.5883620833,-0.601091309,-0.6258010668,-0.6611367904,-0.7053694003,-0.7566395637,-0.8131556777,-0.8733203473,-0.9357890535,-0.9994791102,-1.0635490582,-1.1273644452,-1.1904603155,-1.252506041,-1.3132749554,-1.3726194067,-1.4304509107,-1.4867246996,-1.5414278738,-1.5945704158,-1.6461784301,-1.696289094,-1.7449469077,-1.792200928,-1.8381027414],[-1.8616770587,-1.8174655754,-1.772076116,-1.7254794234,-1.6776519018,-1.6285780178,-1.5782534237,-1.5266890021,-1.4739160723,-1.4199930443,-1.3650138487,-1.3091184891,-1.252506041,-1.1954503036,-1.1383180387,-1.0815892008,-1.0258776519,-0.9719494509,-0.9207338984,-0.8733203473,-0.8309321133,-0.7948690744,-0.7664146121,-0.7467117139,-0.7366261095,-0.7366261095,-0.7467117139,-0.7664146121,-0.7948690744,-0.8309321133,-0.8733203473,-0.9207338984,-0.9719494509,-1.0258776519,-1.0815892008,-1.1383180387,-1.1954503036,-1.252506041,-1.3091184891,-1.3650138487,-1.4199930443,-1.4739160723,-1.5266890021,-1.5782534237,-1.6285780178,-1.6776519018,-1.7254794234,-1.772076116,-1.8174655754,-1.8616770587],[-1.8861445174,-1.8436192749,-1.8000796916,-1.7555155611,-1.7099245619,-1.663314787,-1.6157079215,-1.5671432121,-1.517682388,-1.4674157057,-1.4164692826,-1.3650138487,-1.3132749554,-1.2615445058,-1.2101931735,-1.1596828066,-1.1105772382,-1.0635490582,-1.0193789329,-0.978943287,-0.9431860638,-0.9130715408,-0.8895183911,-0.8733203473,-0.8650647745,-0.8650647745,-0.8733203473,-0.8895183911,-0.9130715408,-0.9431860638,-0.978943287,-1.0193789329,-1.0635490582,-1.1105772382,-1.1596828066,-1.2101931735,-1.2615445058,-1.3132749554,-1.3650138487,-1.4164692826,-1.4674157057,-1.517682388,-1.5671432121,-1.6157079215,-1.663314787,-1.7099245619,-1.7555155611,-1.8000796916,-1.8436192749,-1.8861445174],[-1.9113773059,-1.8705214269,-1.8288032832,-1.7862285915,-1.7428124099,-1.6985816226,-1.6535779696,-1.6078617126,-1.5615160279,-1.5146522062,-1.4674157057,-1.4199930443,-1.3726194067,-1.32558667,-1.2792512996,-1.2340412176,-1.1904603155,-1.1490888091,-1.1105772382,-1.0756317791,-1.0449889415,-1.0193789329,-0.9994791102,-0.9858617673,-0.978943287,-0.978943287,-0.9858617673,-0.9994791102,-1.0193789329,-1.0449889415,-1.0756317791,-1.1105772382,-1.1490888091,-1.1904603155,-1.2340412176,-1.2792512996,-1.32558667,-1.3726194067,-1.4199930443,-1.4674157057,-1.5146522062,-1.5615160279,-1.6078617126,-1.6535779696,-1.6985816226,-1.7428124099,-1.7862285915,-1.8288032832,-1.8705214269,-1.9113773059],[-1.9372557321,-1.898041674,-1.8581053731,-1.8174655754,-1.7761511994,-1.7342036631,-1.6916796428,-1.6486543147,-1.6052251143,-1.5615160279,-1.517682388,-1.4739160723,-1.4304509107,-1.3875679558,-1.3456000849,-1.3049351738,-1.2660168297,-1.2293414545,-1.1954503036,-1.1649153242,-1.1383180387,-1.1162216603,-1.0991379719,-1.0874920447,-1.0815892008,-1.0815892008,-1.0874920447,-1.0991379719,-1.1162216603,-1.1383180387,-1.1649153242,-1.1954503036,-1.2293414545,-1.2660168297,-1.3049351738,-1.3456000849,-1.3875679558,-1.4304509107,-1.4739160723,-1.517682388,-1.5615160279,-1.6052251143,-1.6486543147,-1.6916796428,-1.7342036631,-1.7761511994,-1.8174655754,-1.8581053731,-1.898041674,-1.9372557321],[-1.9636687734,-1.926060323,-1.8878574865,-1.8490894273,-1.8097958216,-1.7700289599,-1.7298561735,-1.6893626041,-1.6486543147,-1.6078617126,-1.5671432121,-1.5266890021,-1.4867246996,-1.447514562,-1.4093638015,-1.3726194067,-1.3376687488,-1.3049351738,-1.2748698099,-1.2479390129,-1.2246072852,-1.2053161537,-1.1904603155,-1.1803632153,-1.175254861,-1.175254861,-1.1803632153,-1.1904603155,-1.2053161537,-1.2246072852,-1.2479390129,-1.2748698099,-1.3049351738,-1.3376687488,-1.3726194067,-1.4093638015,-1.447514562,-1.4867246996,-1.5266890021,-1.5671432121,-1.6078617126,-1.6486543147,-1.6893626041,-1.7298561735,-1.7700289599,-1.8097958216,-1.8490894273,-1.8878574865,-1.926060323,-1.9636687734],[-1.9905143299,-1.9544684289,-1.9179440234,-1.8809783871,-1.8436192749,-1.8059267665,-1.7679753402,-1.7298561735,-1.6916796428,-1.6535779696,-1.6157079215,-1.5782534237,-1.5414278738,-1.5054758758,-1.4706740272,-1.4373303193,-1.4057816541,-1.3763889824,-1.3495296422,-1.32558667,-1.3049351738,-1.2879262975,-1.2748698099,-1.2660168297,-1.2615445058,-1.2615445058,-1.2660168297,-1.2748698099,-1.2879262975,-1.3049351738,-1.32558667,-1.3495296422,-1.3763889824,-1.4057816541,-1.4373303193,-1.4706740272,-1.5054758758,-1.5414278738,-1.5782534237,-1.6157079215,-1.6535779696,-1.6916796428,-1.7298561735,-1.7679753402,-1.8059267665,-1.8436192749,-1.8809783871,-1.9179440234,-1.9544684289,-1.9905143299],[-2.0176992354,-1.9831676136,-1.9482618094,-1.9130252078,-1.8775113722,-1.8417856227,-1.8059267665,-1.7700289599,-1.7342036631,-1.6985816226,-1.663314787,-1.6285780178,-1.5945704158,-1.5615160279,-1.5296636588,-1.4992854677,-1.4706740272,-1.4441375454,-1.4199930443,-1.398557448,-1.3801367654,-1.3650138487,-1.3534355146,-1.3456000849,-1.3416465524,-1.3416465524,-1.3456000849,-1.3534355146,-1.3650138487,-1.3801367654,-1.398557448,-1.4199930443,-1.4441375454,-1.4706740272,-1.4992854677,-1.5296636588,-1.5615160279,-1.5945704158,-1.6285780178,-1.663314787,-1.6985816226,-1.7342036631,-1.7700289599,-1.8059267665,-1.8417856227,-1.8775113722,-1.9130252078,-1.9482618094,-1.9831676136,-2.0176992354],[-2.0451390789,-2.0120696851,-1.9787194486,-1.945136162,-1.9113773059,-1.8775113722,-1.8436192749,-1.8097958216,-1.7761511994,-1.7428124099,-1.7099245619,-1.6776519018,-1.6461784301,-1.6157079215,-1.5864631428,-1.5586840494,-1.5326247517,-1.5085490853,-1.4867246996,-1.4674157057,-1.4508740936,-1.4373303193,-1.4269836546,-1.4199930443,-1.4164692826,-1.4164692826,-1.4199930443,-1.4269836546,-1.4373303193,-1.4508740936,-1.4674157057,-1.4867246996,-1.5085490853,-1.5326247517,-1.5586840494,-1.5864631428,-1.6157079215,-1.6461784301,-1.6776519018,-1.7099245619,-1.7428124099,-1.7761511994,-1.8097958216,-1.8436192749,-1.8775113722,-1.9113773059,-1.945136162,-1.9787194486,-2.0120696851,-2.0451390789],[-2.0727578822,-2.0410961157,-2.0092365468,-1.977229946,-1.945136162,-1.9130252078,-1.8809783871,-1.8490894273,-1.8174655754,-1.7862285915,-1.7555155611,-1.7254794234,-1.696289094,-1.6681290441,-1.6411981865,-1.6157079215,-1.5918792161,-1.5699386293,-1.5501132678,-1.5326247517,-1.517682388,-1.5054758758,-1.4961679868,-1.4898877502,-1.4867246996,-1.4867246996,-1.4898877502,-1.4961679868,-1.5054758758,-1.517682388,-1.5326247517,-1.5501132678,-1.5699386293,-1.5918792161,-1.6157079215,-1.6411981865,-1.6681290441,-1.696289094,-1.7254794234,-1.7555155611,-1.7862285915,-1.8174655754,-1.8490894273,-1.8809783871,-1.9130252078,-1.945136162,-1.977229946,-2.0092365468,-2.0410961157,-2.0727578822],[-2.100487675,-2.0701774276,-2.0397428623,-2.0092365468,-1.9787194486,-1.9482618094,-1.9179440234,-1.8878574865,-1.8581053731,-1.8288032832,-1.8000796916,-1.772076116,-1.7449469077,-1.7188585635,-1.6939884533,-1.6705228683,-1.6486543147,-1.6285780178,-1.6104876561,-1.5945704158,-1.5810015398,-1.5699386293,-1.5615160279,-1.5558396696,-1.5529827794,-1.5529827794,-1.5558396696,-1.5615160279,-1.5699386293,-1.5810015398,-1.5945704158,-1.6104876561,-1.6285780178,-1.6486543147,-1.6705228683,-1.6939884533,-1.7188585635,-1.7449469077,-1.772076116,-1.8000796916,-1.8288032832,-1.8581053731,-1.8878574865,-1.9179440234,-1.9482618094,-1.9787194486,-2.0092365468,-2.0397428623,-2.0701774276,-2.100487675],[-2.1282680031,-2.0992525247,-2.0701774276,-2.0410961157,-2.0120696851,-1.9831676136,-1.9544684289,-1.926060323,-1.898041674,-1.8705214269,-1.8436192749,-1.8174655754,-1.792200928,-1.7679753402,-1.7449469077,-1.7232799518,-1.7031425713,-1.6847036058,-1.6681290441,-1.6535779696,-1.6411981865,-1.6311217324,-1.623460524,-1.6183024121,-1.6157079215,-1.6157079215,-1.6183024121,-1.623460524,-1.6311217324,-1.6411981865,-1.6535779696,-1.6681290441,-1.6847036058,-1.7031425713,-1.7232799518,-1.7449469077,-1.7679753402,-1.792200928,-1.8174655754,-1.8436192749,-1.8705214269,-1.898041674,-1.926060323,-1.9544684289,-1.9831676136,-2.0120696851,-2.0410961157,-2.0701774276,-2.0992525247,-2.1282680031],[-2.1560453962,-2.1282680031,-2.100487675,-2.0727578822,-2.0451390789,-2.0176992354,-1.9905143299,-1.9636687734,-1.9372557321,-1.9113773059,-1.8861445174,-1.8616770587,-1.8381027414,-1.8155565976,-1.7941795833,-1.7741168491,-1.7555155611,-1.7385222814,-1.7232799518,-1.7099245619,-1.6985816226,-1.6893626042,-1.6823615262,-1.6776519018,-1.6752842332,-1.6752842332,-1.6776519018,-1.6823615262,-1.6893626042,-1.6985816226,-1.7099245619,-1.7232799518,-1.7385222814,-1.7555155611,-1.7741168491,-1.7941795833,-1.8155565976,-1.8381027414,-1.8616770587,-1.8861445174,-1.9113773059,-1.9372557321,-1.9636687734,-1.9905143299,-2.0176992354,-2.0451390789,-2.0727578822,-2.100487675,-2.1282680031,-2.1560453962]]}