{"columns":[0,1,2,3,4,5,6,7,8,9,10,11,12,13,14,15,16,17,18,19,20,21,22,23,24,25,26,27,28,29,30,31,32,33,34,35,36,37,38,39,40,41,42,43,44,45,46,47,48,49],"index":[0,1,2,3,4,5,6,7,8,9,10,11,12,13,14,15,16,17,18,19,20,21,22,23,24,25,26,27,28,29,30,31,32,33,34,35,36,37,38,39,40,41,42,43,44,45,46,47,48,49],"data":[[-1.7566421582,-1.7323134263,-1.7081347436,-1.6841586608,-1.6604426138,-1.63704903,-1.6140453587,-1.5915040108,-1.5695021903,-1.5481215994,-1.5274480039,-1.5075706444,-1.4885814888,-1.47057432,-1.4536436665,-1.4378835867,-1.4233863264,-1.4102408796,-1.3985314857,-1.3883361069,-1.379724932,-1.3727589579,-1.3674887015,-1.363953092,-1.3621785932,-1.3621785932,-1.363953092,-1.3674887015,-1.3727589579,-1.379724932,-1.3883361069,-1.3985314857,-1.4102408796,-1.4233863264,-1.4378835867,-1.4536436665,-1.47057432,-1.4885814888,-1.5075706444,-1.5274480039,-1.5481215994,-1.5695021903,-1.5915040108,-1.6140453587,-1.63704903,-1.6604426138,-1.6841586608,-1.7081347436,-1.7323134263,-1.7566421582],[-1.7323134263,-1.7070633721,-1.6819358078,-1.6569850935,-1.6322710214,-1.6078589775,-1.5838200241,-1.5602308824,-1.537173794,-1.5147362409,-1.4930105047,-1.4720930502,-1.4520837222,-1.4330847515,-1.4151995756,-1.3985314857,-1.3831821229,-1.3692498539,-1.3568280666,-1.3460034298,-1.3368541723,-1.3294484376,-1.3238427774,-1.3200808465,-1.3181923588,-1.3181923588,-1.3200808465,-1.3238427774,-1.3294484376,-1.3368541723,-1.3460034298,-1.3568280666,-1.3692498539,-1.3831821229,-1.3985314857,-1.4151995756,-1.4330847515,-1.4520837222,-1.4720930502,-1.4930105047,-1.5147362409,-1.537173794,-1.5602308824,-1.5838200241,-1.6078589775,-1.6322710214,-1.6569850935,-1.6819358078,-1.7070633721,-1.7323134263],[-1.7081347436,-1.6819358078,-1.655828618,-1.6298692367,-1.6041197461,-1.5786484772,-1.5535301529,-1.528845923,-1.5046832649,-1.481135724,-1.4583024722,-1.4362876637,-1.4151995756,-1.3951495296,-1.3762505967,-1.3586161019,-1.3423579514,-1.327584816,-1.3144002117,-1.3029005241,-1.2931730335,-1.2852940033,-1.2793269033,-1.2753208481,-1.2733093313,-1.2733093313,-1.2753208481,-1.2793269033,-1.2852940033,-1.2931730335,-1.3029005241,-1.3144002117,-1.327584816,-1.3423579514,-1.3586161019,-1.3762505967,-1.3951495296,-1.4151995756,-1.4362876637,-1.4583024722,-1.481135724,-1.5046832649,-1.528845923,-1.5535301529,-1.5786484772,-1.6041197461,-1.6298692367,-1.655828618,-1.6819358078,-1.7081347436],[-1.6841586608,-1.6569850935,-1.6298692367,-1.6028687199,-1.5760478219,-1.5494777757,-1.5232369836,-1.4974111144,-1.4720930502,-1.4473826535,-1.4233863264,-1.40021634,-1.3779899173,-1.3568280666,-1.3368541723,-1.3181923588,-1.3009656568,-1.2852940033,-1.2712921131,-1.2590672636,-1.2487170409,-1.2403271068,-1.2339690706,-1.2296985644,-1.2275536458,-1.2275536458,-1.2296985644,-1.2339690706,-1.2403271068,-1.2487170409,-1.2590672636,-1.2712921131,-1.2852940033,-1.3009656568,-1.3181923588,-1.3368541723,-1.3568280666,-1.3779899173,-1.40021634,-1.4233863264,-1.4473826535,-1.4720930502,-1.4974111144,-1.5232369836,-1.5494777757,-1.5760478219,-1.6028687199,-1.6298692367,-1.6569850935,-1.6841586608],[-1.6604426138,-1.6322710214,-1.6041197461,-1.5760478219,-1.5481215994,-1.5204151384,-1.4930105047,-1.4659979362,-1.4394758421,-1.4135505985,-1.3883361069,-1.363953092,-1.3405281229,-1.3181923588,-1.2970800319,-1.277326695,-1.2590672636,-1.2424338835,-1.2275536458,-1.2145461649,-1.2035210346,-1.1945751998,-1.1877903259,-1.1832303042,-1.1809390891,-1.1809390891,-1.1832303042,-1.1877903259,-1.1945751998,-1.2035210346,-1.2145461649,-1.2275536458,-1.2424338835,-1.2590672636,-1.277326695,-1.2970800319,-1.3181923588,-1.3405281229,-1.363953092,-1.3883361069,-1.4135505985,-1.4394758421,-1.4659979362,-1.4930105047,-1.5204151384,-1.5481215994,-1.5760478219,-1.6041197461,-1.6322710214,-1.6604426138],[-1.63704903,-1.6078589775,-1.5786484772,-1.5494777757,-1.5204151384,-1.4915373393,-1.4629300455,-1.4346880573,-1.4069153582,-1.379724932,-1.3532383089,-1.327584816,-1.3029005241,-1.2793269033,-1.2570092227,-1.2360947393,-1.2167307203,-1.1990623212,-1.1832303042,-1.1693685378,-1.1576012045,-1.1480396685,-1.1407790564,-1.1358947508,-1.133439151,-1.133439151,-1.1358947508,-1.1407790564,-1.1480396685,-1.1576012045,-1.1693685378,-1.1832303042,-1.1990623212,-1.2167307203,-1.2360947393,-1.2570092227,-1.2793269033,-1.3029005241,-1.327584816,-1.3532383089,-1.379724932,-1.4069153582,-1.4346880573,-1.4629300455,-1.4915373393,-1.5204151384,-1.5494777757,-1.5786484772,-1.6078589775,-1.63704903],[-1.6140453587,-1.5838200241,-1.5535301529,-1.5232369836,-1.4930105047,-1.4629300455,-1.4330847515,-1.4035738927,-1.3745069503,-1.3460034298,-1.3181923588,-1.2912114485,-1.2652059293,-1.2403271068,-1.2167307203,-1.1945751998,-1.1740199047,-1.1552233544,-1.1383413542,-1.1235247869,-1.1109167579,-1.1006488147,-1.0928361704,-1.087572225,-1.0849230885,-1.0849230885,-1.087572225,-1.0928361704,-1.1006488147,-1.1109167579,-1.1235247869,-1.1383413542,-1.1552233544,-1.1740199047,-1.1945751998,-1.2167307203,-1.2403271068,-1.2652059293,-1.2912114485,-1.3181923588,-1.3460034298,-1.3745069503,-1.4035738927,-1.4330847515,-1.4629300455,-1.4930105047,-1.5232369836,-1.5535301529,-1.5838200241,-1.6140453587],[-1.5915040108,-1.5602308824,-1.528845923,-1.4974111144,-1.4659979362,-1.4346880573,-1.4035738927,-1.3727589579,-1.3423579514,-1.3124965009,-1.283310527,-1.2549452151,-1.2275536458,-1.2012952032,-1.1763339511,-1.1528372013,-1.130974457,-1.1109167579,-1.0928361704,-1.0769048141,-1.0632925384,-1.0521623544,-1.043663162,-1.0379201879,-1.0350246077,-1.0350246077,-1.0379201879,-1.043663162,-1.0521623544,-1.0632925384,-1.0769048141,-1.0928361704,-1.1109167579,-1.130974457,-1.1528372013,-1.1763339511,-1.2012952032,-1.2275536458,-1.2549452151,-1.283310527,-1.3124965009,-1.3423579514,-1.3727589579,-1.4035738927,-1.4346880573,-1.4659979362,-1.4974111144,-1.528845923,-1.5602308824,-1.5915040108],[-1.5695021903,-1.537173794,-1.5046832649,-1.4720930502,-1.4394758421,-1.4069153582,-1.3745069503,-1.3423579514,-1.3105876639,-1.2793269033,-1.2487170409,-1.2189085599,-1.1900592487,-1.1623323014,-1.1358947508,-1.1109167579,-1.087572225,-1.0660408721,-1.0465112636,-1.0291833716,-1.0142684445,-1.0019837194,-0.9925403905,-0.9861253172,-0.9828796481,-0.9828796481,-0.9861253172,-0.9925403905,-1.0019837194,-1.0142684445,-1.0291833716,-1.0465112636,-1.0660408721,-1.087572225,-1.1109167579,-1.1358947508,-1.1623323014,-1.1900592487,-1.2189085599,-1.2487170409,-1.2793269033,-1.3105876639,-1.3423579514,-1.3745069503,-1.4069153582,-1.4394758421,-1.4720930502,-1.5046832649,-1.537173794,-1.5695021903],[-1.5481215994,-1.5147362409,-1.481135724,-1.4473826535,-1.4135505985,-1.379724932,-1.3460034298,-1.3124965009,-1.2793269033,-1.2466288131,-1.2145461649,-1.1832303042,-1.1528372013,-1.1235247869,-1.0954513246,-1.0687760328,-1.043663162,-1.0202901334,-0.9988588956,-0.9796074558,-0.9628162654,-0.9488031221,-0.9379019265,-0.9304255091,-0.9266194675,-0.9266194675,-0.9304255091,-0.9379019265,-0.9488031221,-0.9628162654,-0.9796074558,-0.9988588956,-1.0202901334,-1.043663162,-1.0687760328,-1.0954513246,-1.1235247869,-1.1528372013,-1.1832303042,-1.2145461649,-1.2466288131,-1.2793269033,-1.3124965009,-1.3460034298,-1.379724932,-1.4135505985,-1.4473826535,-1.481135724,-1.5147362409,-1.5481215994],[-1.5274480039,-1.4930105047,-1.4583024722,-1.4233863264,-1.3883361069,-1.3532383089,-1.3181923588,-1.283310527,-1.2487170409,-1.2145461649,-1.1809390891,-1.1480396685,-1.1159894546,-1.0849230885,-1.0549659661,-1.0262369084,-0.9988588956,-0.9729799418,-0.9488031221,-0.9266194675,-0.9068314139,-0.8899510968,-0.8765610224,-0.8672361256,-0.8624426253,-0.8624426253,-0.8672361256,-0.8765610224,-0.8899510968,-0.9068314139,-0.9266194675,-0.9488031221,-0.9729799418,-0.9988588956,-1.0262369084,-1.0549659661,-1.0849230885,-1.1159894546,-1.1480396685,-1.1809390891,-1.2145461649,-1.2487170409,-1.283310527,-1.3181923588,-1.3532383089,-1.3883361069,-1.4233863264,-1.4583024722,-1.4930105047,-1.5274480039],[-1.5075706444,-1.4720930502,-1.4362876637,-1.40021634,-1.363953092,-1.327584816,-1.2912114485,-1.2549452151,-1.2189085599,-1.1832303042,-1.1480396685,-1.1134581023,-1.0795895759,-1.0465112636,-1.0142684445,-0.9828796481,-0.9523595309,-0.9227656963,-0.8942692292,-0.8672361256,-0.8422913622,-0.8203279652,-0.8024306543,-0.7897110834,-0.7830898017,-0.7830898017,-0.7897110834,-0.8024306543,-0.8203279652,-0.8422913622,-0.8672361256,-0.8942692292,-0.9227656963,-0.9523595309,-0.9828796481,-1.0142684445,-1.0465112636,-1.0795895759,-1.1134581023,-1.1480396685,-1.1832303042,-1.2189085599,-1.2549452151,-1.2912114485,-1.327584816,-1.363953092,-1.40021634,-1.4362876637,-1.4720930502,-1.5075706444],[-1.4885814888,-1.4520837222,-1.4151995756,-1.3779899173,-1.3405281229,-1.3029005241,-1.2652059293,-1.2275536458,-1.1900592487,-1.1528372013,-1.1159894546,-1.0795895759,-1.043663162,-1.0081677889,-0.9729799418,-0.9379019265,-0.9027065307,-0.8672361256,-0.8315589637,-0.7961550937,-0.7620665512,-0.7309257735,-0.7047979431,-0.6858384759,-0.6758462118,-0.6758462118,-0.6858384759,-0.7047979431,-0.7309257735,-0.7620665512,-0.7961550937,-0.8315589637,-0.8672361256,-0.9027065307,-0.9379019265,-0.9729799418,-1.0081677889,-1.043663162,-1.0795895759,-1.1159894546,-1.1528372013,-1.1900592487,-1.2275536458,-1.2652059293,-1.3029005241,-1.3405281229,-1.3779899173,-1.4151995756,-1.4520837222,-1.4885814888],[-1.47057432,-1.4330847515,-1.3951495296,-1.3568280666,-1.3181923588,-1.2793269033,-1.2403271068,-1.2012952032,-1.1623323014,-1.1235247869,-1.0849230885,-1.0465112636,-1.0081677889,-0.9696227255,-0.9304255091,-0.8899510968,-0.8474854058,-0.8024306543,-0.7546376994,-0.7047979431,-0.6547437239,-0.6074815772,-0.5668584837,-0.5368971477,-0.5209577373,-0.5209577373,-0.5368971477,-0.5668584837,-0.6074815772,-0.6547437239,-0.7047979431,-0.7546376994,-0.8024306543,-0.8474854058,-0.8899510968,-0.9304255091,-0.9696227255,-1.0081677889,-1.0465112636,-1.0849230885,-1.1235247869,-1.1623323014,-1.2012952032,-1.2403271068,-1.2793269033,-1.3181923588,-1.3568280666,-1.3951495296,-1.4330847515,-1.47057432],[-1.4536436665,-1.4151995756,-1.3762505967,-1.3368541723,-1.2970800319,-1.2570092227,-1.2167307203,-1.1763339511,-1.1358947508,-1.0954513246,-1.0549659661,-1.0142684445,-0.9729799418,-0.9304255091,-0.8855625651,-0.8369844425,-0.7830898017,-0.7225037638,-0.6547437239,-0.5809454754,-0.5043324867,-0.430178117,-0.3652206771,-0.3166138605,-0.2905066616,-0.2905066616,-0.3166138605,-0.3652206771,-0.430178117,-0.5043324867,-0.5809454754,-0.6547437239,-0.7225037638,-0.7830898017,-0.8369844425,-0.8855625651,-0.9304255091,-0.9729799418,-1.0142684445,-1.0549659661,-1.0954513246,-1.1358947508,-1.1763339511,-1.2167307203,-1.2570092227,-1.2970800319,-1.3368541723,-1.3762505967,-1.4151995756,-1.4536436665],[-1.4378835867,-1.3985314857,-1.3586161019,-1.3181923588,-1.277326695,-1.2360947393,-1.1945751998,-1.1528372013,-1.1109167579,-1.0687760328,-1.0262369084,-0.9828796481,-0.9379019265,-0.8899510968,-0.8369844425,-0.7762819334,-0.7047979431,-0.6199857406,-0.5209577373,-0.4095021196,-0.2905066616,-0.1718634091,-0.0642622973,0.0192948183,0.0655457203,0.0655457203,0.0192948183,-0.0642622973,-0.1718634091,-0.2905066616,-0.4095021196,-0.5209577373,-0.6199857406,-0.7047979431,-0.7762819334,-0.8369844425,-0.8899510968,-0.9379019265,-0.9828796481,-1.0262369084,-1.0687760328,-1.1109167579,-1.1528372013,-1.1945751998,-1.2360947393,-1.277326695,-1.3181923588,-1.3586161019,-1.3985314857,-1.4378835867],[-1.4233863264,-1.3831821229,-1.3423579514,-1.3009656568,-1.2590672636,-1.2167307203,-1.1740199047,-1.130974457,-1.087572225,-1.043663162,-0.9988588956,-0.9523595309,-0.9027065307,-0.8474854058,-0.7830898017,-0.7047979431,-0.6074815772,-0.4869836165,-0.3414924409,-0.1718634091,0.0192948183,0.2283754168,0.4485501033,0.6593437336,0.8047293833,0.8047293833,0.6593437336,0.4485501033,0.2283754168,0.0192948183,-0.1718634091,-0.3414924409,-0.4869836165,-0.6074815772,-0.7047979431,-0.7830898017,-0.8474854058,-0.9027065307,-0.9523595309,-0.9988588956,-1.043663162,-1.087572225,-1.130974457,-1.1740199047,-1.2167307203,-1.2590672636,-1.3009656568,-1.3423579514,-1.3831821229,-1.4233863264],[-1.4102408796,-1.3692498539,-1.327584816,-1.2852940033,-1.2424338835,-1.1990623212,-1.1552233544,-1.1109167579,-1.0660408721,-1.0202901334,-0.9729799418,-0.9227656963,-0.8672361256,-0.8024306543,-0.7225037638,-0.6199857406,-0.4869836165,-0.3166138605,-0.1022437523,0.1693838318,0.5443420088,1.3496202078,1.0486950301,0.7901386158,0.7101987249,0.7101987249,0.7901386158,1.0486950301,1.3496202078,0.5443420088,0.1693838318,-0.1022437523,-0.3166138605,-0.4869836165,-0.6199857406,-0.7225037638,-0.8024306543,-0.8672361256,-0.9227656963,-0.9729799418,-1.0202901334,-1.0660408721,-1.1109167579,-1.1552233544,-1.1990623212,-1.2424338835,-1.2852940033,-1.327584816,-1.3692498539,-1.4102408796],[-1.3985314857,-1.3568280666,-1.3144002117,-1.2712921131,-1.2275536458,-1.1832303042,-1.1383413542,-1.0928361704,-1.0465112636,-0.9988588956,-0.9488031221,-0.8942692292,-0.8315589637,-0.7546376994,-0.6547437239,-0.5209577373,-0.3414924409,-0.1022437523,0.2283754168,0.8047293833,1.0486950301,0.6467577142,0.5138015895,0.4534334363,0.4286581644,0.4286581644,0.4534334363,0.5138015895,0.6467577142,1.0486950301,0.8047293833,0.2283754168,-0.1022437523,-0.3414924409,-0.5209577373,-0.6547437239,-0.7546376994,-0.8315589637,-0.8942692292,-0.9488031221,-0.9988588956,-1.0465112636,-1.0928361704,-1.1383413542,-1.1832303042,-1.2275536458,-1.2712921131,-1.3144002117,-1.3568280666,-1.3985314857],[-1.3883361069,-1.3460034298,-1.3029005241,-1.2590672636,-1.2145461649,-1.1693685378,-1.1235247869,-1.0769048141,-1.0291833716,-0.9796074558,-0.9266194675,-0.8672361256,-0.7961550937,-0.7047979431,-0.5809454754,-0.4095021196,-0.1718634091,0.1693838318,0.8047293833,0.8960249327,0.5510699807,0.4286581644,0.3696920757,0.3399155439,0.3272044411,0.3272044411,0.3399155439,0.3696920757,0.4286581644,0.5510699807,0.8960249327,0.8047293833,0.1693838318,-0.1718634091,-0.4095021196,-0.5809454754,-0.7047979431,-0.7961550937,-0.8672361256,-0.9266194675,-0.9796074558,-1.0291833716,-1.0769048141,-1.1235247869,-1.1693685378,-1.2145461649,-1.2590672636,-1.3029005241,-1.3460034298,-1.3883361069],[-1.379724932,-1.3368541723,-1.2931730335,-1.2487170409,-1.2035210346,-1.1576012045,-1.1109167579,-1.0632925384,-1.0142684445,-0.9628162654,-0.9068314139,-0.8422913622,-0.7620665512,-0.6547437239,-0.5043324867,-0.2905066616,0.0192948183,0.5443420088,1.0486950301,0.5510699807,0.406709701,0.3399155439,0.3053477148,0.2874445888,0.2797328854,0.2797328854,0.2874445888,0.3053477148,0.3399155439,0.406709701,0.5510699807,1.0486950301,0.5443420088,0.0192948183,-0.2905066616,-0.5043324867,-0.6547437239,-0.7620665512,-0.8422913622,-0.9068314139,-0.9628162654,-1.0142684445,-1.0632925384,-1.1109167579,-1.1576012045,-1.2035210346,-1.2487170409,-1.2931730335,-1.3368541723,-1.379724932],[-1.3727589579,-1.3294484376,-1.2852940033,-1.2403271068,-1.1945751998,-1.1480396685,-1.1006488147,-1.0521623544,-1.0019837194,-0.9488031221,-0.8899510968,-0.8203279652,-0.7309257735,-0.6074815772,-0.430178117,-0.1718634091,0.2283754168,1.3496202078,0.6467577142,0.4286581644,0.3399155439,0.295953737,0.272741549,0.2606535399,0.2554408507,0.2554408507,0.2606535399,0.272741549,0.295953737,0.3399155439,0.4286581644,0.6467577142,1.3496202078,0.2283754168,-0.1718634091,-0.430178117,-0.6074815772,-0.7309257735,-0.8203279652,-0.8899510968,-0.9488031221,-1.0019837194,-1.0521623544,-1.1006488147,-1.1480396685,-1.1945751998,-1.2403271068,-1.2852940033,-1.3294484376,-1.3727589579],[-1.3674887015,-1.3238427774,-1.2793269033,-1.2339690706,-1.1877903259,-1.1407790564,-1.0928361704,-1.043663162,-0.9925403905,-0.9379019265,-0.8765610224,-0.8024306543,-0.7047979431,-0.5668584837,-0.3652206771,-0.0642622973,0.4485501033,1.0486950301,0.5138015895,0.3696920757,0.3053477148,0.272741549,0.2554408507,0.2464297659,0.2425456857,0.2425456857,0.2464297659,0.2554408507,0.272741549,0.3053477148,0.3696920757,0.5138015895,1.0486950301,0.4485501033,-0.0642622973,-0.3652206771,-0.5668584837,-0.7047979431,-0.8024306543,-0.8765610224,-0.9379019265,-0.9925403905,-1.043663162,-1.0928361704,-1.1407790564,-1.1877903259,-1.2339690706,-1.2793269033,-1.3238427774,-1.3674887015],[-1.363953092,-1.3200808465,-1.2753208481,-1.2296985644,-1.1832303042,-1.1358947508,-1.087572225,-1.0379201879,-0.9861253172,-0.9304255091,-0.8672361256,-0.7897110834,-0.6858384759,-0.5368971477,-0.3166138605,0.0192948183,0.6593437336,0.7901386158,0.4534334363,0.3399155439,0.2874445888,0.2606535399,0.2464297659,0.2390250731,0.2358338565,0.2358338565,0.2390250731,0.2464297659,0.2606535399,0.2874445888,0.3399155439,0.4534334363,0.7901386158,0.6593437336,0.0192948183,-0.3166138605,-0.5368971477,-0.6858384759,-0.7897110834,-0.8672361256,-0.9304255091,-0.9861253172,-1.0379201879,-1.087572225,-1.1358947508,-1.1832303042,-1.2296985644,-1.2753208481,-1.3200808465,-1.363953092],[-1.3621785932,-1.3181923588,-1.2733093313,-1.2275536458,-1.1809390891,-1.133439151,-1.0849230885,-1.0350246077,-0.9828796481,-0.9266194675,-0.8624426253,-0.7830898017,-0.6758462118,-0.5209577373,-0.2905066616,0.0655457203,0.8047293833,0.7101987249,0.4286581644,0.3272044411,0.2797328854,0.2554408507,0.2425456857,0.2358338565,0.2329407868,0.2329407868,0.2358338565,0.2425456857,0.2554408507,0.2797328854,0.3272044411,0.4286581644,0.7101987249,0.8047293833,0.0655457203,-0.2905066616,-0.5209577373,-0.6758462118,-0.7830898017,-0.8624426253,-0.9266194675,-0.9828796481,-1.0350246077,-1.0849230885,-1.133439151,-1.1809390891,-1.2275536458,-1.2733093313,-1.3181923588,-1.3621785932],[-1.3621785932,-1.3181923588,-1.2733093313,-1.2275536458,-1.1809390891,-1.133439151,-1.0849230885,-1.0350246077,-0.9828796481,-0.9266194675,-0.8624426253,-0.7830898017,-0.6758462118,-0.5209577373,-0.2905066616,0.0655457203,0.8047293833,0.7101987249,0.4286581644,0.3272044411,0.2797328854,0.2554408507,0.2425456857,0.2358338565,0.2329407868,0.2329407868,0.2358338565,0.2425456857,0.2554408507,0.2797328854,0.3272044411,0.4286581644,0.7101987249,0.8047293833,0.0655457203,-0.2905066616,-0.5209577373,-0.6758462118,-0.7830898017,-0.8624426253,-0.9266194675,-0.9828796481,-1.0350246077,-1.0849230885,-1.133439151,-1.1809390891,-1.2275536458,-1.2733093313,-1.3181923588,-1.3621785932],[-1.363953092,-1.3200808465,-1.2753208481,-1.2296985644,-1.1832303042,-1.1358947508,-1.087572225,-1.0379201879,-0.9861253172,-0.9304255091,-0.8672361256,-0.7897110834,-0.6858384759,-0.5368971477,-0.3166138605,0.0192948183,0.6593437336,0.7901386158,0.4534334363,0.3399155439,0.2874445888,0.2606535399,0.2464297659,0.2390250731,0.2358338565,0.2358338565,0.2390250731,0.2464297659,0.2606535399,0.2874445888,0.3399155439,0.4534334363,0.7901386158,0.6593437336,0.0192948183,-0.3166138605,-0.5368971477,-0.6858384759,-0.7897110834,-0.8672361256,-0.9304255091,-0.9861253172,-1.0379201879,-1.087572225,-1.1358947508,-1.1832303042,-1.2296985644,-1.2753208481,-1.3200808465,-1.363953092],[-1.3674887015,-1.3238427774,-1.2793269033,-1.2339690706,-1.1877903259,-1.1407790564,-1.0928361704,-1.043663162,-0.9925403905,-0.9379019265,-0.8765610224,-0.8024306543,-0.7047979431,-0.5668584837,-0.3652206771,-0.0642622973,0.4485501033,1.0486950301,0.5138015895,0.3696920757,0.3053477148,0.272741549,0.2554408507,0.2464297659,0.2425456857,0.2425456857,0.2464297659,0.2554408507,0.272741549,0.3053477148,0.3696920757,0.5138015895,1.0486950301,0.4485501033,-0.0642622973,-0.3652206771,-0.5668584837,-0.7047979431,-0.8024306543,-0.8765610224,-0.9379019265,-0.9925403905,-1.043663162,-1.0928361704,-1.1407790564,-1.1877903259,-1.2339690706,-1.2793269033,-1.3238427774,-1.3674887015],[-1.3727589579,-1.3294484376,-1.2852940033,-1.2403271068,-1.1945751998,-1.1480396685,-1.1006488147,-1.0521623544,-1.0019837194,-0.9488031221,-0.8899510968,-0.8203279652,-0.7309257735,-0.6074815772,-0.430178117,-0.1718634091,0.2283754168,1.3496202078,0.6467577142,0.4286581644,0.3399155439,0.295953737,0.272741549,0.2606535399,0.2554408507,0.2554408507,0.2606535399,0.272741549,0.295953737,0.3399155439,0.4286581644,0.6467577142,1.3496202078,0.2283754168,-0.1718634091,-0.430178117,-0.6074815772,-0.7309257735,-0.8203279652,-0.8899510968,-0.9488031221,-1.0019837194,-1.0521623544,-1.1006488147,-1.1480396685,-1.1945751998,-1.2403271068,-1.2852940033,-1.3294484376,-1.3727589579],[-1.379724932,-1.3368541723,-1.2931730335,-1.2487170409,-1.2035210346,-1.1576012045,-1.1109167579,-1.0632925384,-1.0142684445,-0.9628162654,-0.9068314139,-0.8422913622,-0.7620665512,-0.6547437239,-0.5043324867,-0.2905066616,0.0192948183,0.5443420088,1.0486950301,0.5510699807,0.406709701,0.3399155439,0.3053477148,0.2874445888,0.2797328854,0.2797328854,0.2874445888,0.3053477148,0.3399155439,0.406709701,0.5510699807,1.0486950301,0.5443420088,0.0192948183,-0.2905066616,-0.5043324867,-0.6547437239,-0.7620665512,-0.8422913622,-0.9068314139,-0.9628162654,-1.0142684445,-1.0632925384,-1.1109167579,-1.1576012045,-1.2035210346,-1.2487170409,-1.2931730335,-1.3368541723,-1.379724932],[-1.3883361069,-1.3460034298,-1.3029005241,-1.2590672636,-1.2145461649,-1.1693685378,-1.1235247869,-1.0769048141,-1.0291833716,-0.9796074558,-0.9266194675,-0.8672361256,-0.7961550937,-0.7047979431,-0.5809454754,-0.4095021196,-0.1718634091,0.1693838318,0.8047293833,0.8960249327,0.5510699807,0.4286581644,0.3696920757,0.3399155439,0.3272044411,0.3272044411,0.3399155439,0.3696920757,0.4286581644,0.5510699807,0.8960249327,0.8047293833,0.1693838318,-0.1718634091,-0.4095021196,-0.5809454754,-0.7047979431,-0.7961550937,-0.8672361256,-0.9266194675,-0.9796074558,-1.0291833716,-1.0769048141,-1.1235247869,-1.1693685378,-1.2145461649,-1.2590672636,-1.3029005241,-1.3460034298,-1.3883361069],[-1.3985314857,-1.3568280666,-1.3144002117,-1.2712921131,-1.2275536458,-1.1832303042,-1.1383413542,-1.0928361704,-1.0465112636,-0.9988588956,-0.9488031221,-0.8942692292,-0.8315589637,-0.7546376994,-0.6547437239,-0.5209577373,-0.3414924409,-0.1022437523,0.2283754168,0.8047293833,1.0486950301,0.6467577142,0.5138015895,0.4534334363,0.4286581644,0.4286581644,0.4534334363,0.5138015895,0.6467577142,1.0486950301,0.8047293833,0.2283754168,-0.1022437523,-0.3414924409,-0.5209577373,-0.6547437239,-0.7546376994,-0.8315589637,-0.8942692292,-0.9488031221,-0.9988588956,-1.0465112636,-1.0928361704,-1.1383413542,-1.1832303042,-1.2275536458,-1.2712921131,-1.3144002117,-1.3568280666,-1.3985314857],[-1.4102408796,-1.3692498539,-1.327584816,-1.2852940033,-1.2424338835,-1.1990623212,-1.1552233544,-1.1109167579,-1.0660408721,-1.0202901334,-0.9729799418,-0.9227656963,-0.8672361256,-0.8024306543,-0.7225037638,-0.6199857406,-0.4869836165,-0.3166138605,-0.1022437523,0.1693838318,0.5443420088,1.3496202078,1.0486950301,0.7901386158,0.7101987249,0.7101987249,0.7901386158,1.0486950301,1.3496202078,0.5443420088,0.1693838318,-0.1022437523,-0.3166138605,-0.4869836165,-0.6199857406,-0.7225037638,-0.8024306543,-0.8672361256,-0.9227656963,-0.9729799418,-1.0202901334,-1.0660408721,-1.1109167579,-1.1552233544,-1.1990623212,-1.2424338835,-1.2852940033,-1.327584816,-1.3692498539,-1.4102408796],[-1.4233863264,-1.3831821229,-1.3423579514,-1.3009656568,-1.2590672636,-1.2167307203,-1.1740199047,-1.130974457,-1.087572225,-1.043663162,-0.9988588956,-0.9523595309,-0.9027065307,-0.8474854058,-0.7830898017,-0.7047979431,-0.6074815772,-0.4869836165,-0.3414924409,-0.1718634091,0.0192948183,0.2283754168,0.4485501033,0.6593437336,0.8047293833,0.8047293833,0.6593437336,0.4485501033,0.2283754168,0.0192948183,-0.1718634091,-0.3414924409,-0.4869836165,-0.6074815772,-0.7047979431,-0.7830898017,-0.8474854058,-0.9027065307,-0.9523595309,-0.9988588956,-1.043663162,-1.087572225,-1.130974457,-1.1740199047,-1.2167307203,-1.2590672636,-1.3009656568,-1.3423579514,-1.3831821229,-1.4233863264],[-1.4378835867,-1.3985314857,-1.3586161019,-1.3181923588,-1.277326695,-1.2360947393,-1.1945751998,-1.1528372013,-1.1109167579,-1.0687760328,-1.0262369084,-0.9828796481,-0.9379019265,-0.8899510968,-0.8369844425,-0.7762819334,-0.7047979431,-0.6199857406,-0.5209577373,-0.4095021196,-0.2905066616,-0.1718634091,-0.0642622973,0.0192948183,0.0655457203,0.0655457203,0.0192948183,-0.0642622973,-0.1718634091,-0.2905066616,-0.4095021196,-0.5209577373,-0.6199857406,-0.7047979431,-0.7762819334,-0.8369844425,-0.8899510968,-0.9379019265,-0.9828796481,-1.0262369084,-1.0687760328,-1.1109167579,-1.1528372013,-1.1945751998,-1.2360947393,-1.277326695,-1.3181923588,-1.3586161019,-1.3985314857,-1.4378835867],[-1.4536436665,-1.4151995756,-1.3762505967,-1.3368541723,-1.2970800319,-1.2570092227,-1.2167307203,-1.1763339511,-1.1358947508,-1.0954513246,-1.0549659661,-1.0142684445,-0.9729799418,-0.9304255091,-0.8855625651,-0.8369844425,-0.7830898017,-0.7225037638,-0.6547437239,-0.5809454754,-0.5043324867,-0.430178117,-0.3652206771,-0.3166138605,-0.2905066616,-0.2905066616,-0.3166138605,-0.3652206771,-0.430178117,-0.5043324867,-0.5809454754,-0.6547437239,-0.7225037638,-0.7830898017,-0.8369844425,-0.8855625651,-0.9304255091,-0.9729799418,-1.0142684445,-1.0549659661,-1.0954513246,-1.1358947508,-1.1763339511,-1.2167307203,-1.2570092227,-1.2970800319,-1.3368541723,-1.3762505967,-1.4151995756,-1.4536436665],[-1.47057432,-1.4330847515,-1.3951495296,-1.3568280666,-1.3181923588,-1.2793269033,-1.2403271068,-1.2012952032,-1.1623323014,-1.1235247869,-1.0849230885,-1.0465112636,-1.0081677889,-0.9696227255,-0.9304255091,-0.8899510968,-0.8474854058,-0.8024306543,-0.7546376994,-0.7047979431,-0.6547437239,-0.6074815772,-0.5668584837,-0.5368971477,-0.5209577373,-0.5209577373,-0.5368971477,-0.5668584837,-0.6074815772,-0.6547437239,-0.7047979431,-0.7546376994,-0.8024306543,-0.8474854058,-0.8899510968,-0.9304255091,-0.9696227255,-1.0081677889,-1.0465112636,-1.0849230885,-1.1235247869,-1.1623323014,-1.2012952032,-1.2403271068,-1.2793269033,-1.3181923588,-1.3568280666,-1.3951495296,-1.4330847515,-1.47057432],[-1.4885814888,-1.4520837222,-1.4151995756,-1.3779899173,-1.3405281229,-1.3029005241,-1.2652059293,-1.2275536458,-1.1900592487,-1.1528372013,-1.1159894546,-1.0795895759,-1.043663162,-1.0081677889,-0.9729799418,-0.9379019265,-0.9027065307,-0.8672361256,-0.8315589637,-0.7961550937,-0.7620665512,-0.7309257735,-0.7047979431,-0.6858384759,-0.6758462118,-0.6758462118,-0.6858384759,-0.7047979431,-0.7309257735,-0.7620665512,-0.7961550937,-0.8315589637,-0.8672361256,-0.9027065307,-0.9379019265,-0.9729799418,-1.0081677889,-1.043663162,-1.0795895759,-1.1159894546,-1.1528372013,-1.1900592487,-1.2275536458,-1.2652059293,-1.3029005241,-1.3405281229,-1.3779899173,-1.4151995756,-1.4520837222,-1.4885814888],[-1.5075706444,-1.4720930502,-1.4362876637,-1.40021634,-1.363953092,-1.327584816,-1.2912114485,-1.2549452151,-1.2189085599,-1.1832303042,-1.1480396685,-1.1134581023,-1.0795895759,-1.0465112636,-1.0142684445,-0.9828796481,-0.9523595309,-0.9227656963,-0.8942692292,-0.8672361256,-0.8422913622,-0.8203279652,-0.8024306543,-0.7897110834,-0.7830898017,-0.7830898017,-0.7897110834,-0.8024306543,-0.8203279652,-0.8422913622,-0.8672361256,-0.8942692292,-0.9227656963,-0.9523595309,-0.9828796481,-1.0142684445,-1.0465112636,-1.0795895759,-1.1134581023,-1.1480396685,-1.1832303042,-1.2189085599,-1.2549452151,-1.2912114485,-1.327584816,-1.363953092,-1.40021634,-1.4362876637,-1.4720930502,-1.5075706444],[-1.5274480039,-1.4930105047,-1.4583024722,-1.4233863264,-1.3883361069,-1.3532383089,-1.3181923588,-1.283310527,-1.2487170409,-1.2145461649,-1.1809390891,-1.1480396685,-1.1159894546,-1.0849230885,-1.0549659661,-1.0262369084,-0.9988588956,-0.9729799418,-0.9488031221,-0.9266194675,-0.9068314139,-0.8899510968,-0.8765610224,-0.8672361256,-0.8624426253,-0.8624426253,-0.8672361256,-0.8765610224,-0.8899510968,-0.9068314139,-0.9266194675,-0.9488031221,-0.9729799418,-0.9988588956,-1.0262369084,-1.0549659661,-1.0849230885,-1.1159894546,-1.1480396685,-1.1809390891,-1.2145461649,-1.2487170409,-1.283310527,-1.3181923588,-1.3532383089,-1.3883361069,-1.4233863264,-1.4583024722,-1.4930105047,-1.5274480039],[-1.5481215994,-1.5147362409,-1.481135724,-1.4473826535,-1.4135505985,-1.379724932,-1.3460034298,-1.3124965009,-1.2793269033,-1.2466288131,-1.2145461649,-1.1832303042,-1.1528372013,-1.1235247869,-1.0954513246,-1.0687760328,-1.043663162,-1.0202901334,-0.9988588956,-0.9796074558,-0.9628162654,-0.9488031221,-0.9379019265,-0.9304255091,-0.9266194675,-0.9266194675,-0.9304255091,-0.9379019265,-0.9488031221,-0.9628162654,-0.9796074558,-0.9988588956,-1.0202901334,-1.043663162,-1.0687760328,-1.0954513246,-1.1235247869,-1.1528372013,-1.1832303042,-1.2145461649,-1.2466288131,-1.2793269033,-1.3124965009,-1.3460034298,-1.379724932,-1.4135505985,-1.4473826535,-1.481135724,-1.5147362409,-1.5481215994],[-1.5695021903,-1.537173794,-1.5046832649,-1.4720930502,-1.4394758421,-1.4069153582,-1.3745069503,-1.3423579514,-1.3105876639,-1.2793269033,-1.2487170409,-1.2189085599,-1.1900592487,-1.1623323014,-1.1358947508,-1.1109167579,-1.087572225,-1.0660408721,-1.0465112636,-1.0291833716,-1.0142684445,-1.0019837194,-0.9925403905,-0.9861253172,-0.9828796481,-0.9828796481,-0.9861253172,-0.9925403905,-1.0019837194,-1.0142684445,-1.0291833716,-1.0465112636,-1.0660408721,-1.087572225,-1.1109167579,-1.1358947508,-1.1623323014,-1.1900592487,-1.2189085599,-1.2487170409,-1.2793269033,-1.3105876639,-1.3423579514,-1.3745069503,-1.4069153582,-1.4394758421,-1.4720930502,-1.5046832649,-1.537173794,-1.5695021903],[-1.5915040108,-1.5602308824,-1.528845923,-1.4974111144,-1.4659979362,-1.4346880573,-1.4035738927,-1.3727589579,-1.3423579514,-1.3124965009,-1.283310527,-1.2549452151,-1.2275536458,-1.2012952032,-1.1763339511,-1.1528372013,-1.130974457,-1.1109167579,-1.0928361704,-1.0769048141,-1.0632925384,-1.0521623544,-1.043663162,-1.0379201879,-1.0350246077,-1.0350246077,-1.0379201879,-1.043663162,-1.0521623544,-1.0632925384,-1.0769048141,-1.0928361704,-1.1109167579,-1.130974457,-1.1528372013,-1.1763339511,-1.2012952032,-1.2275536458,-1.2549452151,-1.283310527,-1.3124965009,-1.3423579514,-1.3727589579,-1.4035738927,-1.4346880573,-1.4659979362,-1.4974111144,-1.528845923,-1.5602308824,-1.5915040108],[-1.6140453587,-1.5838200241,-1.5535301529,-1.5232369836,-1.4930105047,-1.4629300455,-1.4330847515,-1.4035738927,-1.3745069503,-1.3460034298,-1.3181923588,-1.2912114485,-1.2652059293,-1.2403271068,-1.2167307203,-1.1945751998,-1.1740199047,-1.1552233544,-1.1383413542,-1.1235247869,-1.1109167579,-1.1006488147,-1.0928361704,-1.087572225,-1.0849230885,-1.0849230885,-1.087572225,-1.0928361704,-1.1006488147,-1.1109167579,-1.1235247869,-1.1383413542,-1.1552233544,-1.1740199047,-1.1945751998,-1.2167307203,-1.2403271068,-1.2652059293,-1.2912114485,-1.3181923588,-1.3460034298,-1.3745069503,-1.4035738927,-1.4330847515,-1.4629300455,-1.4930105047,-1.5232369836,-1.5535301529,-1.5838200241,-1.6140453587],[-1.63704903,-1.6078589775,-1.5786484772,-1.5494777757,-1.5204151384,-1.4915373393,-1.4629300455,-1.4346880573,-1.4069153582,-1.379724932,-1.3532383089,-1.327584816,-1.3029005241,-1.2793269033,-1.2570092227,-1.2360947393,-1.2167307203,-1.1990623212,-1.1832303042,-1.1693685378,-1.1576012045,-1.1480396685,-1.1407790564,-1.1358947508,-1.133439151,-1.133439151,-1.1358947508,-1.1407790564,-1.1480396685,-1.1576012045,-1.1693685378,-1.1832303042,-1.1990623212,-1.2167307203,-1.2360947393,-1.2570092227,-1.2793269033,-1.3029005241,-1.327584816,-1.3532383089,-1.379724932,-1.4069153582,-1.4346880573,-1.4629300455,-1.4915373393,-1.5204151384,-1.5494777757,-1.5786484772,-1.6078589775,-1.63704903],[-1.6604426138,-1.6322710214,-1.6041197461,-1.5760478219,-1.5481215994,-1.5204151384,-1.4930105047,-1.4659979362,-1.4394758421,-1.4135505985,-1.3883361069,-1.363953092,-1.3405281229,-1.3181923588,-1.2970800319,-1.277326695,-1.2590672636,-1.2424338835,-1.2275536458,-1.2145461649,-1.2035210346,-1.1945751998,-1.1877903259,-1.1832303042,-1.1809390891,-1.1809390891,-1.1832303042,-1.1877903259,-1.1945751998,-1.2035210346,-1.2145461649,-1.2275536458,-1.2424338835,-1.2590672636,-1.277326695,-1.2970800319,-1.3181923588,-1.3405281229,-1.363953092,-1.3883361069,-1.4135505985,-1.4394758421,-1.4659979362,-1.4930105047,-1.5204151384,-1.5481215994,-1.5760478219,-1.6041197461,-1.6322710214,-1.6604426138],[-1.6841586608,-1.6569850935,-1.6298692367,-1.6028687199,-1.5760478219,-1.5494777757,-1.5232369836,-1.4974111144,-1.4720930502,-1.4473826535,-1.4233863264,-1.40021634,-1.3779899173,-1.3568280666,-1.3368541723,-1.3181923588,-1.3009656568,-1.2852940033,-1.2712921131,-1.2590672636,-1.2487170409,-1.2403271068,-1.2339690706,-1.2296985644,-1.2275536458,-1.2275536458,-1.2296985644,-1.2339690706,-1.2403271068,-1.2487170409,-1.2590672636,-1.2712921131,-1.2852940033,-1.3009656568,-1.3181923588,-1.3368541723,-1.3568280666,-1.3779899173,-1.40021634,-1.4233863264,-1.4473826535,-1.4720930502,-1.4974111144,-1.5232369836,-1.5494777757,-1.5760478219,-1.6028687199,-1.6298692367,-1.6569850935,-1.6841586608],[-1.7081347436,-1.6819358078,-1.655828618,-1.6298692367,-1.6041197461,-1.5786484772,-1.5535301529,-1.528845923,-1.5046832649,-1.481135724,-1.4583024722,-1.4362876637,-1.4151995756,-1.3951495296,-1.3762505967,-1.3586161019,-1.3423579514,-1.327584816,-1.3144002117,-1.3029005241,-1.2931730335,-1.2852940033,-1.2793269033,-1.2753208481,-1.2733093313,-1.2733093313,-1.2753208481,-1.2793269033,-1.2852940033,-1.2931730335,-1.3029005241,-1.3144002117,-1.327584816,-1.3423579514,-1.3586161019,-1.3762505967,-1.3951495296,-1.4151995756,-1.4362876637,-1.4583024722,-1.481135724,-1.5046832649,-1.528845923,-1.5535301529,-1.5786484772,-1.6041197461,-1.6298692367,-1.655828618,-1.6819358078,-1.7081347436],[-1.7323134263,-1.7070633721,-1.6819358078,-1.6569850935,-1.6322710214,-1.6078589775,-1.5838200241,-1.5602308824,-1.537173794,-1.5147362409,-1.4930105047,-1.4720930502,-1.4520837222,-1.4330847515,-1.4151995756,-1.3985314857,-1.3831821229,-1.3692498539,-1.3568280666,-1.3460034298,-1.3368541723,-1.3294484376,-1.3238427774,-1.3200808465,-1.3181923588,-1.3181923588,-1.3200808465,-1.3238427774,-1.3294484376,-1.3368541723,-1.3460034298,-1.3568280666,-1.3692498539,-1.3831821229,-1.3985314857,-1.4151995756,-1.4330847515,-1.4520837222,-1.4720930502,-1.4930105047,-1.5147362409,-1.537173794,-1.5602308824,-1.5838200241,-1.6078589775,-1.6322710214,-1.6569850935,-1.6819358078,-1.7070633721,-1.7323134263],[-1.7566421582,-1.7323134263,-1.7081347436,-1.6841586608,-1.6604426138,-1.63704903,-1.6140453587,-1.5915040108,-1.5695021903,-1.5481215994,-1.5274480039,-1.5075706444,-1.4885814888,-1.47057432,-1.4536436665,-1.4378835867,-1.4233863264,-1.4102408796,-1.3985314857,-1.3883361069,-1.379724932,-1.3727589579,-1.3674887015,-1.363953092,-1.3621785932,-1.3621785932,-1.363953092,-1.3674887015,-1.3727589579,-1.379724932,-1.3883361069,-1.3985314857,-1.4102408796,-1.4233863264,-1.4378835867,-1.4536436665,-1.47057432,-1.4885814888,-1.5075706444,-1.5274480039,-1.5481215994,-1.5695021903,-1.5915040108,-1.6140453587,-1.63704903,-1.6604426138,-1.6841586608,-1.7081347436,-1.7323134263,-1.7566421582]]}