{"columns":[0,1,2,3,4,5,6,7,8,9,10,11,12,13,14,15,16,17,18,19,20,21,22,23,24,25,26,27,28,29,30,31,32,33,34,35,36,37,38,39,40,41,42,43,44,45,46,47,48,49],"index":[0,1,2,3,4,5,6,7,8,9,10,11,12,13,14,15,16,17,18,19,20,21,22,23,24,25,26,27,28,29,30,31,32,33,34,35,36,37,38,39,40,41,42,43,44,45,46,47,48,49],"data":[[-2.6890081475,-2.6561045656,-2.623389245,-2.5909334534,-2.5588152687,-2.5271197443,-2.4959389707,-2.4653720069,-2.4355246566,-2.4065090635,-2.3784431025,-2.3514495478,-2.3256550077,-2.3011886218,-2.2781805307,-2.2567601406,-2.2370542162,-2.2191848513,-2.2032673756,-2.189408264,-2.1777031182,-2.1682347921,-2.1610717227,-2.1562665272,-2.1538549087,-2.1538549087,-2.1562665272,-2.1610717227,-2.1682347921,-2.1777031182,-2.189408264,-2.2032673756,-2.2191848513,-2.2370542162,-2.2567601406,-2.2781805307,-2.3011886218,-2.3256550077,-2.3514495478,-2.3784431025,-2.4065090635,-2.4355246566,-2.4653720069,-2.4959389707,-2.5271197443,-2.5588152687,-2.5909334534,-2.623389245,-2.6561045656,-2.6890081467],[-2.6561045656,-2.6219392689,-2.5879236956,-2.5541316176,-2.5206443999,-2.4875512494,-2.4549493529,-2.4229438721,-2.3916477628,-2.3611813881,-2.3316718938,-2.3032523213,-2.2760604435,-2.2502373164,-2.2259255573,-2.2032673756,-2.1824023983,-2.1634653505,-2.1465836635,-2.1318750911,-2.1194454189,-2.1093863484,-2.1017736272,-2.0966654873,-2.0941014364,-2.0941014364,-2.0966654873,-2.1017736272,-2.1093863484,-2.1194454189,-2.1318750911,-2.1465836635,-2.1634653505,-2.1824023983,-2.2032673756,-2.2259255573,-2.2502373164,-2.2760604435,-2.3032523213,-2.3316718938,-2.3611813881,-2.3916477628,-2.4229438721,-2.4549493529,-2.4875512494,-2.5206443999,-2.5541316176,-2.5879236956,-2.6219392689,-2.6561045667],[-2.623389245,-2.5879236956,-2.5525649564,-2.5173891887,-2.482481,-2.4479337954,-2.4138500084,-2.380341176,-2.3475278152,-2.3155390634,-2.28451204,-2.2545909006,-2.2259255573,-2.1986700603,-2.1729806484,-2.1490135025,-2.1269222558,-2.1068553363,-2.0889532335,-2.0733457908,-2.0601496267,-2.0494657769,-2.0413776391,-2.0359492772,-2.0332241278,-2.0332241278,-2.0359492772,-2.0413776391,-2.0494657769,-2.0601496267,-2.0733457908,-2.0889532335,-2.1068553363,-2.1269222558,-2.1490135025,-2.1729806484,-2.1986700603,-2.2259255573,-2.2545909006,-2.28451204,-2.3155390634,-2.3475278152,-2.380341176,-2.4138500084,-2.4479337954,-2.482481,-2.5173891887,-2.5525649564,-2.5879236956,-2.623389245],[-2.5909334534,-2.5541316176,-2.5173891887,-2.4807845804,-2.4444055845,-2.4083498428,-2.3727251932,-2.3376498432,-2.3032523213,-2.2696711536,-2.2370542162,-2.2055577197,-2.1753447943,-2.1465836635,-2.1194454189,-2.0941014364,-2.0707205066,-2.049465777,-2.0304916271,-2.0139406065,-1.9999405609,-1.9886020566,-1.9800161841,-1.9742527911,-1.9713591652,-1.9713591652,-1.9742527911,-1.9800161841,-1.9886020566,-1.9999405609,-2.0139406065,-2.0304916271,-2.049465777,-2.0707205066,-2.0941014364,-2.1194454189,-2.1465836635,-2.1753447943,-2.2055577197,-2.2370542162,-2.2696711536,-2.3032523213,-2.3376498432,-2.3727251932,-2.4083498428,-2.4444055845,-2.4807845804,-2.5173891887,-2.5541316176,-2.5909334534],[-2.5588152687,-2.5206443999,-2.482481,-2.4444055845,-2.4065090635,-2.3688933597,-2.3316718938,-2.2949698806,-2.2589243737,-2.2236839922,-2.189408264,-2.1562665272,-2.1244363482,-2.0941014364,-2.0654490726,-2.0386671046,-2.0139406065,-1.9914483382,-1.9713591652,-1.9538286115,-1.938995705,-1.9269802414,-1.9178805449,-1.9117717492,-1.9087045784,-1.9087045784,-1.9117717492,-1.9178805449,-1.9269802414,-1.938995705,-1.9538286115,-1.9713591652,-1.9914483382,-2.0139406065,-2.0386671046,-2.0654490726,-2.0941014364,-2.1244363482,-2.1562665272,-2.189408264,-2.2236839922,-2.2589243737,-2.2949698806,-2.3316718938,-2.3688933597,-2.4065090635,-2.4444055845,-2.482481,-2.5206443999,-2.5588152687],[-2.5271197443,-2.4875512494,-2.4479337954,-2.4083498428,-2.3688933597,-2.3296706144,-2.2908008301,-2.2524166328,-2.2146642132,-2.1777031182,-2.1417055843,-2.1068553363,-2.0733457908,-2.0413776391,-2.0111558269,-1.9828860085,-1.956770606,-1.9330046679,-1.9117717492,-1.8932400516,-1.8775590301,-1.8648566149,-1.8552371069,-1.84877972,-1.8455376693,-1.8455376693,-1.84877972,-1.8552371069,-1.8648566149,-1.8775590301,-1.8932400516,-1.9117717492,-1.9330046679,-1.956770606,-1.9828860085,-2.0111558269,-2.0413776391,-2.0733457908,-2.1068553363,-2.1417055843,-2.1777031182,-2.2146642132,-2.2524166328,-2.2908008301,-2.3296706144,-2.3688933597,-2.4083498428,-2.4479337954,-2.4875512494,-2.5271197443],[-2.4959389707,-2.4549493529,-2.4138500084,-2.3727251932,-2.3316718938,-2.2908008301,-2.2502373164,-2.210121897,-2.1706106559,-2.1318750911,-2.0941014364,-2.0574893274,-2.0222497246,-1.9886020566,-1.956770606,-1.9269802414,-1.8994516889,-1.8743966167,-1.8520128613,-1.8324801302,-1.8159564652,-1.8025756356,-1.7924454783,-1.7856470506,-1.7822343549,-1.7822343549,-1.7856470506,-1.7924454783,-1.8025756356,-1.8159564652,-1.8324801302,-1.8520128613,-1.8743966167,-1.8994516889,-1.9269802414,-1.956770606,-1.9886020566,-2.0222497246,-2.0574893274,-2.0941014364,-2.1318750911,-2.1706106559,-2.210121897,-2.2502373164,-2.2908008301,-2.3316718938,-2.3727251932,-2.4138500084,-2.4549493529,-2.4959389707],[-2.4653720069,-2.4229438721,-2.380341176,-2.3376498432,-2.2949698806,-2.2524166328,-2.210121897,-2.1682347921,-2.1269222558,-2.0863690254,-2.0467769461,-2.0083634619,-1.9713591652,-1.9360043471,-1.9025445715,-1.8712254218,-1.8422866966,-1.8159564652,-1.7924454783,-1.7719424364,-1.7546105172,-1.7405853437,-1.7299742935,-1.7228567927,-1.7192850982,-1.7192850982,-1.7228567927,-1.7299742935,-1.7405853437,-1.7546105172,-1.7719424364,-1.7924454783,-1.8159564652,-1.8422866966,-1.8712254218,-1.9025445715,-1.9360043471,-1.9713591652,-2.0083634619,-2.0467769461,-2.0863690254,-2.1269222558,-2.1682347921,-2.210121897,-2.2524166328,-2.2949698806,-2.3376498432,-2.380341176,-2.4229438721,-2.4653720069],[-2.4355246566,-2.3916477628,-2.3475278152,-2.3032523213,-2.2589243737,-2.2146642132,-2.1706106559,-2.1269222558,-2.083778042,-2.0413776391,-1.9999405609,-1.9597044691,-1.9209222185,-1.8838575881,-1.84877972,-1.8159564652,-1.7856470506,-1.7580947037,-1.7335200343,-1.7121159964,-1.6940450339,-1.6794385364,-1.6683981095,-1.6609976972,-1.6572855621,-1.6572855621,-1.6609976972,-1.6683981095,-1.6794385364,-1.6940450339,-1.7121159964,-1.7335200343,-1.7580947037,-1.7856470506,-1.8159564652,-1.84877972,-1.8838575881,-1.9209222185,-1.9597044691,-1.9999405609,-2.0413776391,-2.083778042,-2.1269222558,-2.1706106559,-2.2146642132,-2.2589243737,-2.3032523213,-2.3475278152,-2.3916477628,-2.4355246566],[-2.4065090635,-2.3611813881,-2.3155390634,-2.2696711536,-2.2236839922,-2.1777031182,-2.1318750911,-2.0863690254,-2.0413776391,-1.9971175613,-1.9538286115,-1.9117717493,-1.8712254218,-1.8324801302,-1.795831199,-1.761570006,-1.7299742935,-1.7012986262,-1.675766472,-1.6535655159,-1.634847323,-1.6197311152,-1.6083095755,-1.6006534128,-1.5968122567,-1.5968122567,-1.6006534128,-1.6083095755,-1.6197311152,-1.634847323,-1.6535655159,-1.675766472,-1.7012986262,-1.7299742935,-1.761570006,-1.795831199,-1.8324801302,-1.8712254218,-1.9117717493,-1.9538286115,-1.9971175613,-2.0413776391,-2.0863690254,-2.1318750911,-2.1777031182,-2.2236839922,-2.2696711541,-2.3155390634,-2.3611813881,-2.4065090635],[-2.3784431025,-2.3316718938,-2.28451204,-2.2370542162,-2.189408264,-2.1417055843,-2.0941014364,-2.0467769461,-1.9999405609,-1.9538286115,-1.9087045784,-1.8648566149,-1.8225928857,-1.7822343549,-1.7441048559,-1.7085186631,-1.675766472,-1.6461017893,-1.6197311152,-1.5968122567,-1.5774640454,-1.5617860001,-1.5498788252,-1.5418515388,-1.5378060666,-1.5378060666,-1.5418515388,-1.5498788252,-1.5617860001,-1.5774640454,-1.5968122567,-1.6197311152,-1.6461017893,-1.675766472,-1.7085186631,-1.7441048559,-1.7822343549,-1.8225928857,-1.8648566149,-1.9087045784,-1.9538286115,-1.9999405609,-2.0467769461,-2.0941014364,-2.1417055843,-2.189408264,-2.2370542162,-2.28451204,-2.3316718938,-2.3784431025],[-2.3514495478,-2.3032523213,-2.2545909006,-2.2055577197,-2.1562665272,-2.1068553363,-2.0574893274,-2.0083634619,-1.9597044691,-1.9117717492,-1.8648566149,-1.8192791719,-1.7753820381,-1.7335200343,-1.6940450339,-1.6572855621,-1.6235220753,-1.5929620602,-1.5657247632,-1.5418515388,-1.5213571251,-1.5043186015,-1.4909610579,-1.4816690661,-1.476876826,-1.476876826,-1.4816690661,-1.4909610579,-1.5043186015,-1.5213571251,-1.5418515388,-1.5657247632,-1.5929620602,-1.6235220753,-1.6572855621,-1.6940450339,-1.7335200343,-1.7753820381,-1.8192791719,-1.8648566149,-1.9117717492,-1.9597044691,-2.0083634619,-2.0574893274,-2.1068553363,-2.1562665272,-2.2055577197,-2.2545909006,-2.3032523213,-2.3514495478],[-2.3256550077,-2.2760604435,-2.2259255573,-2.1753447943,-2.1244363482,-2.0733457908,-2.0222497246,-1.9713591652,-1.9209222185,-1.8712254218,-1.8225928857,-1.7753820381,-1.7299742935,-1.6867582229,-1.6461017893,-1.6083095755,-1.573562986,-1.5418515388,-1.5129283446,-1.4863600388,-1.4617558527,-1.4391798231,-1.4195460949,-1.4046306504,-1.3964831377,-1.3964831377,-1.4046306504,-1.4195460949,-1.4391798231,-1.4617558527,-1.4863600388,-1.5129283446,-1.5418515388,-1.573562986,-1.6083095755,-1.6461017893,-1.6867582229,-1.7299742935,-1.7753820381,-1.8225928857,-1.8712254218,-1.9209222185,-1.9713591652,-2.0222497246,-2.0733457908,-2.1244363482,-2.1753447943,-2.2259255573,-2.2760604435,-2.3256550077],[-2.3011886218,-2.2502373164,-2.1986700603,-2.1465836635,-2.0941014364,-2.0413776391,-1.9886020566,-1.9360043471,-1.8838575881,-1.8324801302,-1.7822343549,-1.7335200343,-1.6867582229,-1.642358144,-1.6006534128,-1.5617860001,-1.5255151022,-1.4909610579,-1.4564126268,-1.4195460949,-1.3785164666,-1.3338514235,-1.2898590762,-1.2538996658,-1.2335653989,-1.2335653989,-1.2538996658,-1.2898590762,-1.3338514235,-1.3785164666,-1.4195460949,-1.4564126268,-1.4909610579,-1.5255151022,-1.5617860001,-1.6006534128,-1.642358144,-1.6867582229,-1.7335200343,-1.7822343549,-1.8324801302,-1.8838575881,-1.9360043471,-1.9886020566,-2.0413776391,-2.0941014364,-2.1465836635,-2.1986700603,-2.2502373164,-2.3011886218],[-2.2781805307,-2.2259255573,-2.1729806484,-2.1194454189,-2.0654490726,-2.0111558269,-1.956770606,-1.9025445715,-1.84877972,-1.795831199,-1.7441048559,-1.6940450339,-1.6461017893,-1.6006534128,-1.5578328676,-1.5171629219,-1.476876826,-1.4329456805,-1.3785164666,-1.3057315683,-1.2114938834,-1.1034159182,-0.9986773925,-0.9164949173,-0.8715976928,-0.8715976928,-0.9164949173,-0.9986773925,-1.1034159182,-1.2114938834,-1.3057315683,-1.3785164666,-1.4329456805,-1.476876826,-1.5171629219,-1.5578328676,-1.6006534128,-1.6461017893,-1.6940450339,-1.7441048559,-1.795831199,-1.84877972,-1.9025445715,-1.956770606,-2.0111558269,-2.0654490726,-2.1194454189,-2.1729806484,-2.2259255573,-2.2781805307],[-2.2567601406,-2.2032673756,-2.1490135025,-2.0941014364,-2.0386671046,-1.9828860085,-1.9269802414,-1.8712254218,-1.8159564652,-1.761570006,-1.7085186631,-1.6572855621,-1.6083095755,-1.5617860001,-1.5171629219,-1.4719705147,-1.4195460949,-1.3463178915,-1.2335653989,-1.070903036,-0.8715976928,-0.6667496858,-0.4874901649,-0.3565387212,-0.2878517165,-0.2878517165,-0.3565387212,-0.4874901649,-0.6667496858,-0.8715976928,-1.070903036,-1.2335653989,-1.3463178915,-1.4195460949,-1.4719705147,-1.5171629219,-1.5617860001,-1.6083095755,-1.6572855621,-1.7085186631,-1.761570006,-1.8159564652,-1.8712254218,-1.9269802414,-1.9828860085,-2.0386671046,-2.0941014364,-2.1490135025,-2.2032673756,-2.2567601406],[-2.2370542162,-2.1824023983,-2.1269222558,-2.0707205066,-2.0139406065,-1.956770606,-1.8994516889,-1.8422866966,-1.7856470506,-1.7299742935,-1.675766472,-1.6235220753,-1.573562986,-1.5255151022,-1.476876826,-1.4195460949,-1.3338514235,-1.1875605801,-0.9588492939,-0.6667496858,-0.3565387212,-0.0707196209,0.1544867011,0.2945616971,0.3543406687,0.3543406687,0.2945616971,0.1544867011,-0.0707196209,-0.3565387212,-0.6667496858,-0.9588492939,-1.1875605801,-1.3338514235,-1.4195460949,-1.476876826,-1.5255151022,-1.573562986,-1.6235220753,-1.675766472,-1.7299742935,-1.7856470506,-1.8422866966,-1.8994516889,-1.956770606,-2.0139406065,-2.0707205066,-2.1269222558,-2.1824023983,-2.2370542162],[-2.2191848513,-2.1634653505,-2.1068553363,-2.049465777,-1.9914483382,-1.9330046679,-1.8743966167,-1.8159564652,-1.7580947037,-1.7012986262,-1.6461017893,-1.5929620602,-1.5418515388,-1.4909610579,-1.4329456805,-1.3463178915,-1.1875605801,-0.9164949173,-0.54959301,-0.1447071786,0.2268716633,0.4338822568,0.4045428099,0.2906230972,0.2158248091,0.2158248091,0.2906230972,0.4045428099,0.4338822568,0.2268716633,-0.1447071786,-0.54959301,-0.9164949173,-1.1875605801,-1.3463178915,-1.4329456805,-1.4909610579,-1.5418515388,-1.5929620602,-1.6461017893,-1.7012986262,-1.7580947037,-1.8159564652,-1.8743966167,-1.9330046679,-1.9914483382,-2.049465777,-2.1068553363,-2.1634653505,-2.2191848513],[-2.2032673756,-2.1465836635,-2.0889532335,-2.0304916271,-1.9713591652,-1.9117717492,-1.8520128613,-1.7924454783,-1.7335200343,-1.675766472,-1.6197311152,-1.5657247632,-1.5129283446,-1.4564126268,-1.3785164666,-1.2335653989,-0.9588492939,-0.54959301,-0.0707196209,0.3543406687,0.4045428099,0.1339017159,-0.1323797704,-0.3152232898,-0.4064534986,-0.4064534986,-0.3152232898,-0.1323797704,0.1339017159,0.4045428099,0.3543406687,-0.0707196209,-0.54959301,-0.9588492939,-1.2335653989,-1.3785164666,-1.4564126268,-1.5129283446,-1.5657247632,-1.6197311152,-1.675766472,-1.7335200343,-1.7924454783,-1.8520128613,-1.9117717492,-1.9713591652,-2.0304916271,-2.0889532335,-2.1465836635,-2.2032673756],[-2.189408264,-2.1318750911,-2.0733457908,-2.0139406065,-1.9538286115,-1.8932400516,-1.8324801302,-1.7719424364,-1.7121159964,-1.6535655159,-1.5968122567,-1.5418515388,-1.4863600388,-1.4195460949,-1.3057315683,-1.070903036,-0.6667496858,-0.1447071786,0.3543406687,0.3548697428,-0.0417189299,-0.4064534986,-0.6750628942,-0.8458997209,-0.9273757413,-0.9273757413,-0.8458997209,-0.6750628942,-0.4064534986,-0.0417189299,0.3548697428,0.3543406687,-0.1447071786,-0.6667496858,-1.070903036,-1.3057315683,-1.4195460949,-1.4863600388,-1.5418515388,-1.5968122567,-1.6535655159,-1.7121159964,-1.7719424364,-1.8324801302,-1.8932400516,-1.9538286115,-2.0139406065,-2.0733457908,-2.1318750911,-2.189408264],[-2.1777031182,-2.1194454189,-2.0601496267,-1.9999405609,-1.938995705,-1.8775590301,-1.8159564652,-1.7546105172,-1.6940450339,-1.634847323,-1.5774640454,-1.5213571251,-1.4617558527,-1.3785164666,-1.2114938834,-0.8715976928,-0.3565387212,0.2268716633,0.4045428099,-0.0417189299,-0.4970733524,-0.8458997209,-1.0797214546,-1.2150402261,-1.2758798452,-1.2758798452,-1.2150402261,-1.0797214546,-0.8458997209,-0.4970733524,-0.0417189299,0.4045428099,0.2268716633,-0.3565387212,-0.8715976928,-1.2114938834,-1.3785164666,-1.4617558527,-1.5213571251,-1.5774640454,-1.634847323,-1.6940450339,-1.7546105172,-1.8159564652,-1.8775590301,-1.938995705,-1.9999405609,-2.0601496267,-2.1194454189,-2.1777031182],[-2.1682347921,-2.1093863484,-2.049465777,-1.9886020566,-1.9269802414,-1.8648566149,-1.8025756356,-1.7405853437,-1.6794385364,-1.6197311152,-1.5617860001,-1.5043186015,-1.4391798231,-1.3338514235,-1.1034159182,-0.6667496858,-0.0707196209,0.4338822568,0.1339017159,-0.4064534986,-0.8458997209,-1.1496536638,-1.3324759593,-1.435946896,-1.4853700354,-1.4853700354,-1.435946896,-1.3324759593,-1.1496536638,-0.8458997209,-0.4064534986,0.1339017159,0.4338822568,-0.0707196209,-0.6667496858,-1.1034159182,-1.3338514235,-1.4391798231,-1.5043186015,-1.5617860001,-1.6197311152,-1.6794385364,-1.7405853437,-1.8025756356,-1.8648566149,-1.9269802414,-1.9886020566,-2.049465777,-2.1093863484,-2.1682347921],[-2.1610717227,-2.1017736272,-2.0413776391,-1.9800161841,-1.9178805449,-1.8552371069,-1.7924454783,-1.7299742935,-1.6683981095,-1.6083095755,-1.5498788252,-1.4909610579,-1.4195460949,-1.2898590762,-0.9986773925,-0.4874901649,0.1544867011,0.4045428099,-0.1323797704,-0.6750628942,-1.0797214546,-1.3324759593,-1.4853700354,-1.5904930694,-1.6542925228,-1.6542925228,-1.5904930694,-1.4853700354,-1.3324759593,-1.0797214546,-0.6750628942,-0.1323797704,0.4045428099,0.1544867011,-0.4874901649,-0.9986773925,-1.2898590762,-1.4195460949,-1.4909610579,-1.5498788252,-1.6083095755,-1.6683981095,-1.7299742935,-1.7924454783,-1.8552371069,-1.9178805449,-1.9800161841,-2.0413776391,-2.1017736272,-2.1610717227],[-2.1562665272,-2.0966654873,-2.0359492772,-1.9742527911,-1.9117717492,-1.84877972,-1.7856470506,-1.7228567927,-1.6609976972,-1.6006534128,-1.5418515388,-1.4816690661,-1.4046306504,-1.2538996658,-0.9164949173,-0.3565387212,0.2945616971,0.2906230972,-0.3152232898,-0.8458997209,-1.2150402261,-1.435946896,-1.5904930694,-1.7371160309,-1.8657106291,-1.8657106291,-1.7371160309,-1.5904930694,-1.435946896,-1.2150402261,-0.8458997209,-0.3152232898,0.2906230972,0.2945616971,-0.3565387212,-0.9164949173,-1.2538996658,-1.4046306504,-1.4816690661,-1.5418515388,-1.6006534128,-1.6609976972,-1.7228567927,-1.7856470506,-1.84877972,-1.9117717492,-1.9742527911,-2.0359492772,-2.0966654873,-2.1562665272],[-2.1538549087,-2.0941014364,-2.0332241278,-1.9713591652,-1.9087045784,-1.8455376693,-1.7822343549,-1.7192850982,-1.6572855621,-1.5968122567,-1.5378060666,-1.476876826,-1.3964831377,-1.2335653989,-0.8715976928,-0.2878517165,0.3543406687,0.2158248091,-0.4064534986,-0.9273757413,-1.2758798452,-1.4853700354,-1.6542925228,-1.8657106291,-2.2146179676,-2.2146179676,-1.8657106291,-1.6542925228,-1.4853700354,-1.2758798452,-0.9273757413,-0.4064534986,0.2158248091,0.3543406687,-0.2878517165,-0.8715976928,-1.2335653989,-1.3964831377,-1.476876826,-1.5378060666,-1.5968122567,-1.6572855621,-1.7192850982,-1.7822343549,-1.8455376693,-1.9087045784,-1.9713591652,-2.0332241278,-2.0941014364,-2.1538549087],[-2.1538549087,-2.0941014364,-2.0332241278,-1.9713591652,-1.9087045784,-1.8455376693,-1.7822343549,-1.7192850982,-1.6572855621,-1.5968122567,-1.5378060666,-1.476876826,-1.3964831377,-1.2335653989,-0.8715976928,-0.2878517165,0.3543406687,0.2158248091,-0.4064534986,-0.9273757413,-1.2758798452,-1.4853700354,-1.6542925228,-1.8657106291,-2.2146179676,-2.2146179676,-1.8657106291,-1.6542925228,-1.4853700354,-1.2758798452,-0.9273757413,-0.4064534986,0.2158248091,0.3543406687,-0.2878517165,-0.8715976928,-1.2335653989,-1.3964831377,-1.476876826,-1.5378060666,-1.5968122567,-1.6572855621,-1.7192850982,-1.7822343549,-1.8455376693,-1.9087045784,-1.9713591652,-2.0332241278,-2.0941014364,-2.1538549087],[-2.1562665272,-2.0966654873,-2.0359492772,-1.9742527911,-1.9117717492,-1.84877972,-1.7856470506,-1.7228567927,-1.6609976972,-1.6006534128,-1.5418515388,-1.4816690661,-1.4046306504,-1.2538996658,-0.9164949173,-0.3565387212,0.2945616971,0.2906230972,-0.3152232898,-0.8458997209,-1.2150402261,-1.435946896,-1.5904930694,-1.7371160309,-1.8657106291,-1.8657106291,-1.7371160309,-1.5904930694,-1.435946896,-1.2150402261,-0.8458997209,-0.3152232898,0.2906230972,0.2945616971,-0.3565387212,-0.9164949173,-1.2538996658,-1.4046306504,-1.4816690661,-1.5418515388,-1.6006534128,-1.6609976972,-1.7228567927,-1.7856470506,-1.84877972,-1.9117717492,-1.9742527911,-2.0359492772,-2.0966654873,-2.1562665272],[-2.1610717227,-2.1017736272,-2.0413776391,-1.9800161841,-1.9178805449,-1.8552371069,-1.7924454783,-1.7299742935,-1.6683981095,-1.6083095755,-1.5498788252,-1.4909610579,-1.4195460949,-1.2898590762,-0.9986773925,-0.4874901649,0.1544867011,0.4045428099,-0.1323797704,-0.6750628942,-1.0797214546,-1.3324759593,-1.4853700354,-1.5904930694,-1.6542925228,-1.6542925228,-1.5904930694,-1.4853700354,-1.3324759593,-1.0797214546,-0.6750628942,-0.1323797704,0.4045428099,0.1544867011,-0.4874901649,-0.9986773925,-1.2898590762,-1.4195460949,-1.4909610579,-1.5498788252,-1.6083095755,-1.6683981095,-1.7299742935,-1.7924454783,-1.8552371069,-1.9178805449,-1.9800161841,-2.0413776391,-2.1017736272,-2.1610717227],[-2.1682347921,-2.1093863484,-2.049465777,-1.9886020566,-1.9269802414,-1.8648566149,-1.8025756356,-1.7405853437,-1.6794385364,-1.6197311152,-1.5617860001,-1.5043186015,-1.4391798231,-1.3338514235,-1.1034159182,-0.6667496858,-0.0707196209,0.4338822568,0.1339017159,-0.4064534986,-0.8458997209,-1.1496536638,-1.3324759593,-1.435946896,-1.4853700354,-1.4853700354,-1.435946896,-1.3324759593,-1.1496536638,-0.8458997209,-0.4064534986,0.1339017159,0.4338822568,-0.0707196209,-0.6667496858,-1.1034159182,-1.3338514235,-1.4391798231,-1.5043186015,-1.5617860001,-1.6197311152,-1.6794385364,-1.7405853437,-1.8025756356,-1.8648566149,-1.9269802414,-1.9886020566,-2.049465777,-2.1093863484,-2.1682347921],[-2.1777031182,-2.1194454189,-2.0601496267,-1.9999405609,-1.938995705,-1.8775590301,-1.8159564652,-1.7546105172,-1.6940450339,-1.634847323,-1.5774640454,-1.5213571251,-1.4617558527,-1.3785164666,-1.2114938834,-0.8715976928,-0.3565387212,0.2268716633,0.4045428099,-0.0417189299,-0.4970733524,-0.8458997209,-1.0797214546,-1.2150402261,-1.2758798452,-1.2758798452,-1.2150402261,-1.0797214546,-0.8458997209,-0.4970733524,-0.0417189299,0.4045428099,0.2268716633,-0.3565387212,-0.8715976928,-1.2114938834,-1.3785164666,-1.4617558527,-1.5213571251,-1.5774640454,-1.634847323,-1.6940450339,-1.7546105172,-1.8159564652,-1.8775590301,-1.938995705,-1.9999405609,-2.0601496267,-2.1194454189,-2.1777031182],[-2.189408264,-2.1318750911,-2.0733457908,-2.0139406065,-1.9538286115,-1.8932400516,-1.8324801302,-1.7719424364,-1.7121159964,-1.6535655159,-1.5968122567,-1.5418515388,-1.4863600388,-1.4195460949,-1.3057315683,-1.070903036,-0.6667496858,-0.1447071786,0.3543406687,0.3548697428,-0.0417189299,-0.4064534986,-0.6750628942,-0.8458997209,-0.9273757413,-0.9273757413,-0.8458997209,-0.6750628942,-0.4064534986,-0.0417189299,0.3548697428,0.3543406687,-0.1447071786,-0.6667496858,-1.070903036,-1.3057315683,-1.4195460949,-1.4863600388,-1.5418515388,-1.5968122567,-1.6535655159,-1.7121159964,-1.7719424364,-1.8324801302,-1.8932400516,-1.9538286115,-2.0139406065,-2.0733457908,-2.1318750911,-2.189408264],[-2.2032673756,-2.1465836635,-2.0889532335,-2.0304916271,-1.9713591652,-1.9117717492,-1.8520128613,-1.7924454783,-1.7335200343,-1.675766472,-1.6197311152,-1.5657247632,-1.5129283446,-1.4564126268,-1.3785164666,-1.2335653989,-0.9588492939,-0.54959301,-0.0707196209,0.3543406687,0.4045428099,0.1339017159,-0.1323797704,-0.3152232898,-0.4064534986,-0.4064534986,-0.3152232898,-0.1323797704,0.1339017159,0.4045428099,0.3543406687,-0.0707196209,-0.54959301,-0.9588492939,-1.2335653989,-1.3785164666,-1.4564126268,-1.5129283446,-1.5657247632,-1.6197311152,-1.675766472,-1.7335200343,-1.7924454783,-1.8520128613,-1.9117717492,-1.9713591652,-2.0304916271,-2.0889532335,-2.1465836635,-2.2032673756],[-2.2191848513,-2.1634653505,-2.1068553363,-2.049465777,-1.9914483382,-1.9330046679,-1.8743966167,-1.8159564652,-1.7580947037,-1.7012986262,-1.6461017893,-1.5929620602,-1.5418515388,-1.4909610579,-1.4329456805,-1.3463178915,-1.1875605801,-0.9164949173,-0.54959301,-0.1447071786,0.2268716633,0.4338822568,0.4045428099,0.2906230972,0.2158248091,0.2158248091,0.2906230972,0.4045428099,0.4338822568,0.2268716633,-0.1447071786,-0.54959301,-0.9164949173,-1.1875605801,-1.3463178915,-1.4329456805,-1.4909610579,-1.5418515388,-1.5929620602,-1.6461017893,-1.7012986262,-1.7580947037,-1.8159564652,-1.8743966167,-1.9330046679,-1.9914483382,-2.049465777,-2.1068553363,-2.1634653505,-2.2191848513],[-2.2370542162,-2.1824023983,-2.1269222558,-2.0707205066,-2.0139406065,-1.956770606,-1.8994516889,-1.8422866966,-1.7856470506,-1.7299742935,-1.675766472,-1.6235220753,-1.573562986,-1.5255151022,-1.476876826,-1.4195460949,-1.3338514235,-1.1875605801,-0.9588492939,-0.6667496858,-0.3565387212,-0.0707196209,0.1544867011,0.2945616971,0.3543406687,0.3543406687,0.2945616971,0.1544867011,-0.0707196209,-0.3565387212,-0.6667496858,-0.9588492939,-1.1875605801,-1.3338514235,-1.4195460949,-1.476876826,-1.5255151022,-1.573562986,-1.6235220753,-1.675766472,-1.7299742935,-1.7856470506,-1.8422866966,-1.8994516889,-1.956770606,-2.0139406065,-2.0707205066,-2.1269222558,-2.1824023983,-2.2370542162],[-2.2567601406,-2.2032673756,-2.1490135025,-2.0941014364,-2.0386671046,-1.9828860085,-1.9269802414,-1.8712254218,-1.8159564652,-1.761570006,-1.7085186631,-1.6572855621,-1.6083095755,-1.5617860001,-1.5171629219,-1.4719705147,-1.4195460949,-1.3463178915,-1.2335653989,-1.070903036,-0.8715976928,-0.6667496858,-0.4874901649,-0.3565387212,-0.2878517165,-0.2878517165,-0.3565387212,-0.4874901649,-0.6667496858,-0.8715976928,-1.070903036,-1.2335653989,-1.3463178915,-1.4195460949,-1.4719705147,-1.5171629219,-1.5617860001,-1.6083095755,-1.6572855621,-1.7085186631,-1.761570006,-1.8159564652,-1.8712254218,-1.9269802414,-1.9828860085,-2.0386671046,-2.0941014364,-2.1490135025,-2.2032673756,-2.2567601406],[-2.2781805307,-2.2259255573,-2.1729806484,-2.1194454189,-2.0654490726,-2.0111558269,-1.956770606,-1.9025445715,-1.84877972,-1.795831199,-1.7441048559,-1.6940450339,-1.6461017893,-1.6006534128,-1.5578328676,-1.5171629219,-1.476876826,-1.4329456805,-1.3785164666,-1.3057315683,-1.2114938834,-1.1034159182,-0.9986773925,-0.9164949173,-0.8715976928,-0.8715976928,-0.9164949173,-0.9986773925,-1.1034159182,-1.2114938834,-1.3057315683,-1.3785164666,-1.4329456805,-1.476876826,-1.5171629219,-1.5578328676,-1.6006534128,-1.6461017893,-1.6940450339,-1.7441048559,-1.795831199,-1.84877972,-1.9025445715,-1.956770606,-2.0111558269,-2.0654490726,-2.1194454189,-2.1729806484,-2.2259255573,-2.2781805307],[-2.3011886218,-2.2502373164,-2.1986700603,-2.1465836635,-2.0941014364,-2.0413776391,-1.9886020566,-1.9360043471,-1.8838575881,-1.8324801302,-1.7822343549,-1.7335200343,-1.6867582229,-1.642358144,-1.6006534128,-1.5617860001,-1.5255151022,-1.4909610579,-1.4564126268,-1.4195460949,-1.3785164666,-1.3338514235,-1.2898590762,-1.2538996658,-1.2335653989,-1.2335653989,-1.2538996658,-1.2898590762,-1.3338514235,-1.3785164666,-1.4195460949,-1.4564126268,-1.4909610579,-1.5255151022,-1.5617860001,-1.6006534128,-1.642358144,-1.6867582229,-1.7335200343,-1.7822343549,-1.8324801302,-1.8838575881,-1.9360043471,-1.9886020566,-2.0413776391,-2.0941014364,-2.1465836635,-2.1986700603,-2.2502373164,-2.3011886218],[-2.3256550077,-2.2760604435,-2.2259255573,-2.1753447943,-2.1244363482,-2.0733457908,-2.0222497246,-1.9713591652,-1.9209222185,-1.8712254218,-1.8225928857,-1.7753820381,-1.7299742935,-1.6867582229,-1.6461017893,-1.6083095755,-1.573562986,-1.5418515388,-1.5129283446,-1.4863600388,-1.4617558527,-1.4391798231,-1.4195460949,-1.4046306504,-1.3964831377,-1.3964831377,-1.4046306504,-1.4195460949,-1.4391798231,-1.4617558527,-1.4863600388,-1.5129283446,-1.5418515388,-1.573562986,-1.6083095755,-1.6461017893,-1.6867582229,-1.7299742935,-1.7753820381,-1.8225928857,-1.8712254218,-1.9209222185,-1.9713591652,-2.0222497246,-2.0733457908,-2.1244363482,-2.1753447943,-2.2259255573,-2.2760604435,-2.3256550077],[-2.3514495478,-2.3032523213,-2.2545909006,-2.2055577197,-2.1562665272,-2.1068553363,-2.0574893274,-2.0083634619,-1.9597044691,-1.9117717492,-1.8648566149,-1.8192791719,-1.7753820381,-1.7335200343,-1.6940450339,-1.6572855621,-1.6235220753,-1.5929620602,-1.5657247632,-1.5418515388,-1.5213571251,-1.5043186015,-1.4909610579,-1.4816690661,-1.476876826,-1.476876826,-1.4816690661,-1.4909610579,-1.5043186015,-1.5213571251,-1.5418515388,-1.5657247632,-1.5929620602,-1.6235220753,-1.6572855621,-1.6940450339,-1.7335200343,-1.7753820381,-1.8192791719,-1.8648566149,-1.9117717492,-1.9597044691,-2.0083634619,-2.0574893274,-2.1068553363,-2.1562665272,-2.2055577197,-2.2545909006,-2.3032523213,-2.3514495478],[-2.3784431025,-2.3316718938,-2.28451204,-2.2370542162,-2.189408264,-2.1417055843,-2.0941014364,-2.0467769461,-1.9999405609,-1.9538286115,-1.9087045784,-1.8648566149,-1.8225928857,-1.7822343549,-1.7441048559,-1.7085186631,-1.675766472,-1.6461017893,-1.6197311152,-1.5968122567,-1.5774640454,-1.5617860001,-1.5498788252,-1.5418515388,-1.5378060666,-1.5378060666,-1.5418515388,-1.5498788252,-1.5617860001,-1.5774640454,-1.5968122567,-1.6197311152,-1.6461017893,-1.675766472,-1.7085186631,-1.7441048559,-1.7822343549,-1.8225928857,-1.8648566149,-1.9087045784,-1.9538286115,-1.9999405609,-2.0467769461,-2.0941014364,-2.1417055843,-2.189408264,-2.2370542162,-2.28451204,-2.3316718938,-2.3784431025],[-2.4065090635,-2.3611813881,-2.3155390634,-2.2696711536,-2.2236839922,-2.1777031182,-2.1318750911,-2.0863690254,-2.0413776391,-1.9971175613,-1.9538286115,-1.9117717493,-1.8712254218,-1.8324801302,-1.795831199,-1.761570006,-1.7299742935,-1.7012986262,-1.675766472,-1.6535655159,-1.634847323,-1.6197311152,-1.6083095755,-1.6006534128,-1.5968122567,-1.5968122567,-1.6006534128,-1.6083095755,-1.6197311152,-1.634847323,-1.6535655159,-1.675766472,-1.7012986262,-1.7299742935,-1.761570006,-1.795831199,-1.8324801302,-1.8712254218,-1.9117717493,-1.9538286115,-1.9971175613,-2.0413776391,-2.0863690254,-2.1318750911,-2.1777031182,-2.2236839922,-2.2696711541,-2.3155390634,-2.3611813881,-2.4065090635],[-2.4355246566,-2.3916477628,-2.3475278152,-2.3032523213,-2.2589243737,-2.2146642132,-2.1706106559,-2.1269222558,-2.083778042,-2.0413776391,-1.9999405609,-1.9597044691,-1.9209222185,-1.8838575881,-1.84877972,-1.8159564652,-1.7856470506,-1.7580947037,-1.7335200343,-1.7121159964,-1.6940450339,-1.6794385364,-1.6683981095,-1.6609976972,-1.6572855621,-1.6572855621,-1.6609976972,-1.6683981095,-1.6794385364,-1.6940450339,-1.7121159964,-1.7335200343,-1.7580947037,-1.7856470506,-1.8159564652,-1.84877972,-1.8838575881,-1.9209222185,-1.9597044691,-1.9999405609,-2.0413776391,-2.083778042,-2.1269222558,-2.1706106559,-2.2146642132,-2.2589243737,-2.3032523213,-2.3475278152,-2.3916477628,-2.4355246566],[-2.4653720069,-2.4229438721,-2.380341176,-2.3376498432,-2.2949698806,-2.2524166328,-2.210121897,-2.1682347921,-2.1269222558,-2.0863690254,-2.0467769461,-2.0083634619,-1.9713591652,-1.9360043471,-1.9025445715,-1.8712254218,-1.8422866966,-1.8159564652,-1.7924454783,-1.7719424364,-1.7546105172,-1.7405853437,-1.7299742935,-1.7228567927,-1.7192850982,-1.7192850982,-1.7228567927,-1.7299742935,-1.7405853437,-1.7546105172,-1.7719424364,-1.7924454783,-1.8159564652,-1.8422866966,-1.8712254218,-1.9025445715,-1.9360043471,-1.9713591652,-2.0083634619,-2.0467769461,-2.0863690254,-2.1269222558,-2.1682347921,-2.210121897,-2.2524166328,-2.2949698806,-2.3376498432,-2.380341176,-2.4229438721,-2.4653720069],[-2.4959389707,-2.4549493529,-2.4138500084,-2.3727251932,-2.3316718938,-2.2908008301,-2.2502373164,-2.210121897,-2.1706106559,-2.1318750911,-2.0941014364,-2.0574893274,-2.0222497246,-1.9886020566,-1.956770606,-1.9269802414,-1.8994516889,-1.8743966167,-1.8520128613,-1.8324801302,-1.8159564652,-1.8025756356,-1.7924454783,-1.7856470506,-1.7822343549,-1.7822343549,-1.7856470506,-1.7924454783,-1.8025756356,-1.8159564652,-1.8324801302,-1.8520128613,-1.8743966167,-1.8994516889,-1.9269802414,-1.956770606,-1.9886020566,-2.0222497246,-2.0574893274,-2.0941014364,-2.1318750911,-2.1706106559,-2.210121897,-2.2502373164,-2.2908008301,-2.3316718938,-2.3727251932,-2.4138500084,-2.4549493529,-2.4959389707],[-2.5271197443,-2.4875512494,-2.4479337954,-2.4083498428,-2.3688933597,-2.3296706144,-2.2908008301,-2.2524166328,-2.2146642132,-2.1777031182,-2.1417055843,-2.1068553363,-2.0733457908,-2.0413776391,-2.0111558269,-1.9828860085,-1.956770606,-1.9330046679,-1.9117717492,-1.8932400516,-1.8775590301,-1.8648566149,-1.8552371069,-1.84877972,-1.8455376693,-1.8455376693,-1.84877972,-1.8552371069,-1.8648566149,-1.8775590301,-1.8932400516,-1.9117717492,-1.9330046679,-1.956770606,-1.9828860085,-2.0111558269,-2.0413776391,-2.0733457908,-2.1068553363,-2.1417055843,-2.1777031182,-2.2146642132,-2.2524166328,-2.2908008301,-2.3296706144,-2.3688933597,-2.4083498428,-2.4479337954,-2.4875512494,-2.5271197443],[-2.5588152687,-2.5206443999,-2.482481,-2.4444055845,-2.4065090635,-2.3688933597,-2.3316718938,-2.2949698806,-2.2589243737,-2.2236839922,-2.189408264,-2.1562665272,-2.1244363482,-2.0941014364,-2.0654490726,-2.0386671046,-2.0139406065,-1.9914483382,-1.9713591652,-1.9538286115,-1.938995705,-1.9269802414,-1.9178805449,-1.9117717492,-1.9087045784,-1.9087045784,-1.9117717492,-1.9178805449,-1.9269802414,-1.938995705,-1.9538286115,-1.9713591652,-1.9914483382,-2.0139406065,-2.0386671046,-2.0654490726,-2.0941014364,-2.1244363482,-2.1562665272,-2.189408264,-2.2236839922,-2.2589243737,-2.2949698806,-2.3316718938,-2.3688933597,-2.4065090635,-2.4444055845,-2.482481,-2.5206443999,-2.5588152687],[-2.5909334534,-2.5541316176,-2.5173891887,-2.4807845804,-2.4444055845,-2.4083498428,-2.3727251932,-2.3376498432,-2.3032523213,-2.2696711536,-2.2370542162,-2.2055577197,-2.1753447943,-2.1465836635,-2.1194454189,-2.0941014364,-2.0707205066,-2.049465777,-2.0304916271,-2.0139406065,-1.9999405609,-1.9886020566,-1.9800161841,-1.9742527911,-1.9713591652,-1.9713591652,-1.9742527911,-1.9800161841,-1.9886020566,-1.9999405609,-2.0139406065,-2.0304916271,-2.049465777,-2.0707205066,-2.0941014364,-2.1194454189,-2.1465836635,-2.1753447943,-2.2055577197,-2.2370542162,-2.2696711536,-2.3032523213,-2.3376498432,-2.3727251932,-2.4083498428,-2.4444055845,-2.4807845804,-2.5173891887,-2.5541316176,-2.5909334534],[-2.623389245,-2.5879236956,-2.5525649564,-2.5173891887,-2.482481,-2.4479337954,-2.4138500084,-2.380341176,-2.3475278152,-2.3155390634,-2.28451204,-2.2545909006,-2.2259255573,-2.1986700603,-2.1729806484,-2.1490135025,-2.1269222558,-2.1068553363,-2.0889532335,-2.0733457908,-2.0601496267,-2.0494657769,-2.0413776391,-2.0359492772,-2.0332241278,-2.0332241278,-2.0359492772,-2.0413776391,-2.0494657769,-2.0601496267,-2.0733457908,-2.0889532335,-2.1068553363,-2.1269222558,-2.1490135025,-2.1729806484,-2.1986700603,-2.2259255573,-2.2545909006,-2.28451204,-2.3155390634,-2.3475278152,-2.380341176,-2.4138500084,-2.4479337954,-2.482481,-2.5173891887,-2.5525649564,-2.5879236956,-2.623389245],[-2.6561045656,-2.6219392689,-2.5879236956,-2.5541316176,-2.5206443999,-2.4875512494,-2.4549493529,-2.4229438721,-2.3916477628,-2.3611813881,-2.3316718938,-2.3032523213,-2.2760604435,-2.2502373164,-2.2259255573,-2.2032673756,-2.1824023983,-2.1634653505,-2.1465836635,-2.1318750911,-2.1194454189,-2.1093863484,-2.1017736272,-2.0966654873,-2.0941014364,-2.0941014364,-2.0966654873,-2.1017736272,-2.1093863484,-2.1194454189,-2.1318750911,-2.1465836635,-2.1634653505,-2.1824023983,-2.2032673756,-2.2259255573,-2.2502373164,-2.2760604435,-2.3032523213,-2.3316718938,-2.3611813881,-2.3916477628,-2.4229438721,-2.4549493529,-2.4875512494,-2.5206443999,-2.5541316176,-2.5879236956,-2.6219392689,-2.6561045667],[-2.6890081475,-2.6561045656,-2.623389245,-2.5909334534,-2.5588152687,-2.5271197443,-2.4959389707,-2.4653720069,-2.4355246566,-2.4065090635,-2.3784431025,-2.3514495478,-2.3256550077,-2.3011886218,-2.2781805307,-2.2567601406,-2.2370542162,-2.2191848513,-2.2032673756,-2.189408264,-2.1777031182,-2.1682347921,-2.1610717227,-2.1562665272,-2.1538549087,-2.1538549087,-2.1562665272,-2.1610717227,-2.1682347921,-2.1777031182,-2.189408264,-2.2032673756,-2.2191848513,-2.2370542162,-2.2567601406,-2.2781805307,-2.3011886218,-2.3256550077,-2.3514495478,-2.3784431025,-2.4065090635,-2.4355246566,-2.4653720069,-2.4959389707,-2.5271197443,-2.5588152687,-2.5909334534,-2.623389245,-2.6561045656,-2.6890081467]]}