{"columns":[0,1,2,3,4,5,6,7,8,9,10,11,12,13,14,15,16,17,18,19,20,21,22,23,24,25,26,27,28,29,30,31,32,33,34,35,36,37,38,39,40,41,42,43,44,45,46,47,48,49],"index":[0,1,2,3,4,5,6,7,8,9,10,11,12,13,14,15,16,17,18,19,20,21,22,23,24,25,26,27,28,29,30,31,32,33,34,35,36,37,38,39,40,41,42,43,44,45,46,47,48,49],"data":[[-2.5319245502,-2.4985321342,-2.4653064416,-2.4323189357,-2.3996481976,-2.3673801523,-2.3356081929,-2.3044331788,-2.2739632772,-2.2443136197,-2.2156057459,-2.1879668106,-2.1615285355,-2.1364258982,-2.1127955593,-2.0907740457,-2.0704957194,-2.0520905815,-2.0356819701,-2.021384226,-2.0093004068,-1.9995201335,-1.9921176508,-1.9871501758,-1.9846566012,-1.9846566012,-1.9871501758,-1.9921176508,-1.9995201335,-2.0093004068,-2.021384226,-2.0356819701,-2.0520905815,-2.0704957194,-2.0907740457,-2.1127955593,-2.1364258982,-2.1615285355,-2.1879668106,-2.2156057459,-2.2443136197,-2.2739632772,-2.3044331788,-2.3356081929,-2.3673801523,-2.3996481976,-2.4323189357,-2.4653064416,-2.4985321342,-2.5319245507],[-2.4985321342,-2.4638332615,-2.4292585361,-2.3948816867,-2.3607843705,-2.3270564976,-2.293796449,-2.2611111583,-2.2291160193,-2.1979345838,-2.1676980144,-2.1385442602,-2.1106169295,-2.084063848,-2.0590352996,-2.0356819701,-2.01415263,-1.9945916121,-1.9771361602,-1.9619137365,-1.949039386,-1.938613258,-1.9307183797,-1.9254187682,-1.9227579513,-1.9227579513,-1.9254187682,-1.9307183797,-1.938613258,-1.949039386,-1.9619137365,-1.9771361602,-1.9945916121,-2.01415263,-2.0356819701,-2.0590352996,-2.084063848,-2.1106169295,-2.1385442602,-2.1676980144,-2.1979345838,-2.2291160193,-2.2611111583,-2.293796449,-2.3270564976,-2.3607843705,-2.3948816867,-2.4292585361,-2.4638332615,-2.498532135],[-2.4653064416,-2.4292585361,-2.3932871765,-2.3574681582,-2.321886084,-2.286634806,-2.2518177598,-2.2175481496,-2.1839489427,-2.1511526259,-2.1193006784,-2.08854272,-2.0590352996,-2.0309403044,-2.0044229861,-1.9796496244,-1.9567848731,-1.9359888581,-1.917414121,-1.9012025195,-1.8874822024,-1.8763647801,-1.8679428002,-1.8622876213,-1.8594477597,-1.8594477597,-1.8622876213,-1.8679428002,-1.8763647801,-1.8874822024,-1.9012025195,-1.917414121,-1.9359888581,-1.9567848731,-1.9796496244,-2.0044229861,-2.0309403044,-2.0590352996,-2.08854272,-2.1193006784,-2.1511526259,-2.1839489427,-2.2175481496,-2.2518177598,-2.286634806,-2.321886084,-2.3574681582,-2.3932871765,-2.4292585361,-2.4653064416],[-2.4323189357,-2.3948816867,-2.3574681582,-2.3201559738,-2.2830325141,-2.2461955007,-2.2097534702,-2.1738260895,-2.1385442602,-2.1040499539,-2.0704957194,-2.0380438064,-2.0068648607,-1.9771361602,-1.949039386,-1.9227579513,-1.8984739451,-1.8763647801,-1.8565996655,-1.8393360447,-1.8247161466,-1.8128637943,-1.8038815935,-1.7978485985,-1.7948185211,-1.7948185211,-1.7978485985,-1.8038815935,-1.8128637943,-1.8247161466,-1.8393360447,-1.8565996655,-1.8763647801,-1.8984739451,-1.9227579513,-1.949039386,-1.9771361602,-2.0068648607,-2.0380438064,-2.0704957194,-2.1040499539,-2.1385442602,-2.1738260895,-2.2097534702,-2.2461955007,-2.2830325141,-2.3201559738,-2.3574681582,-2.3948816867,-2.4323189357],[-2.3996481976,-2.3607843705,-2.321886084,-2.2830325141,-2.2443136197,-2.2058308953,-2.1676980144,-2.1300413057,-2.0929999965,-2.0567261507,-2.021384226,-1.9871501758,-1.9542100358,-1.9227579513,-1.8929936359,-1.8651192887,-1.8393360447,-1.8158400785,-1.7948185211,-1.7764453741,-1.7608776121,-1.7482516448,-1.7386802742,-1.7322502352,-1.7290203582,-1.7290203582,-1.7322502352,-1.7386802742,-1.7482516448,-1.7608776121,-1.7764453741,-1.7948185211,-1.8158400785,-1.8393360447,-1.8651192887,-1.8929936359,-1.9227579513,-1.9542100358,-1.9871501758,-2.021384226,-2.0567261507,-2.0929999965,-2.1300413057,-2.1676980144,-2.2058308953,-2.2443136197,-2.2830325141,-2.321886084,-2.3607843705,-2.3996481976],[-2.3673801523,-2.3270564976,-2.286634806,-2.2461955007,-2.2058308953,-2.1656461477,-2.1257601088,-2.0863059954,-2.0474318092,-2.0093004068,-1.9720891241,-1.9359888581,-1.9012025195,-1.8679428002,-1.8364292342,-1.8068845922,-1.7795307074,-1.7545839023,-1.7322502352,-1.7127208194,-1.6961674667,-1.682738866,-1.6725574386,-1.6657169288,-1.6622807061,-1.6622807061,-1.6657169288,-1.6725574386,-1.682738866,-1.6961674667,-1.7127208194,-1.7322502352,-1.7545839023,-1.7795307074,-1.8068845922,-1.8364292342,-1.8679428002,-1.9012025195,-1.9359888581,-1.9720891241,-2.0093004068,-2.0474318092,-2.0863059954,-2.1257601088,-2.1656461477,-2.2058308953,-2.2461955007,-2.286634806,-2.3270564976,-2.3673801523],[-2.3356081929,-2.293796449,-2.2518177598,-2.2097534702,-2.1676980144,-2.1257601088,-2.084063848,-2.0427496222,-2.0019747535,-1.9619137365,-1.9227579513,-1.8847147219,-1.8480056005,-1.8128637943,-1.7795307074,-1.7482516448,-1.7192708226,-1.6928259204,-1.6691424954,-1.6484286154,-1.6308700581,-1.6166263424,-1.6058277354,-1.5985732201,-1.5949292804,-1.5949292804,-1.5985732201,-1.6058277354,-1.6166263424,-1.6308700581,-1.6484286154,-1.6691424954,-1.6928259204,-1.7192708226,-1.7482516448,-1.7795307074,-1.8128637943,-1.8480056005,-1.8847147219,-1.9227579513,-1.9619137365,-2.0019747535,-2.0427496222,-2.084063848,-2.1257601088,-2.1676980144,-2.2097534702,-2.2518177598,-2.293796449,-2.3356081929],[-2.3044331788,-2.2611111583,-2.2175481496,-2.1738260895,-2.1300413057,-2.0863059954,-2.0427496222,-1.9995201335,-1.9567848731,-1.9147310375,-1.8735655079,-1.8335138788,-1.7948185211,-1.7577355554,-1.7225306913,-1.6894739957,-1.6588337947,-1.6308700581,-1.6058277354,-1.5839305761,-1.5653759292,-1.5503308808,-1.5389298563,-1.5312735423,-1.5274287553,-1.5274287553,-1.5312735423,-1.5389298563,-1.5503308808,-1.5653759292,-1.5839305761,-1.6058277354,-1.6308700581,-1.6588337947,-1.6894739957,-1.7225306913,-1.7577355554,-1.7948185211,-1.8335138788,-1.8735655079,-1.9147310375,-1.9567848731,-1.9995201335,-2.0427496222,-2.0863059954,-2.1300413057,-2.1738260895,-2.2175481496,-2.2611111583,-2.3044331788],[-2.2739632772,-2.2291160193,-2.1839489427,-2.1385442602,-2.0929999965,-2.0474318092,-2.0019747535,-1.9567848731,-1.9120404615,-1.8679428002,-1.8247161466,-1.7826067294,-1.741880516,-1.7028195713,-1.6657169288,-1.6308700581,-1.5985732201,-1.5691092304,-1.5427413409,-1.5197060493,-1.5002075836,-1.4844145659,-1.4724589528,-1.4644368762,-1.4604105992,-1.4604105992,-1.4644368762,-1.4724589528,-1.4844145659,-1.5002075836,-1.5197060493,-1.5427413409,-1.5691092304,-1.5985732201,-1.6308700581,-1.6657169288,-1.7028195713,-1.741880516,-1.7826067294,-1.8247161466,-1.8679428002,-1.9120404615,-1.9567848731,-2.0019747535,-2.0474318092,-2.0929999965,-2.1385442602,-2.1839489427,-2.2291160193,-2.2739632772],[-2.2443136197,-2.1979345838,-2.1511526259,-2.1040499539,-2.0567261507,-2.0093004068,-1.9619137365,-1.9147310375,-1.8679428002,-1.8217662145,-1.7764453741,-1.7322502352,-1.6894739957,-1.6484286154,-1.6094383423,-1.5728313432,-1.5389298563,-1.5080396389,-1.4804398026,-1.4563742925,-1.4360461785,-1.4196155158,-1.4072008262,-1.3988834181,-1.3947130396,-1.3947130396,-1.3988834181,-1.4072008262,-1.4196155158,-1.4360461785,-1.4563742925,-1.4804398026,-1.5080396389,-1.5389298563,-1.5728313432,-1.6094383423,-1.6484286154,-1.6894739957,-1.7322502352,-1.7764453741,-1.8217662145,-1.8679428002,-1.9147310375,-1.9619137365,-2.0093004068,-2.0567261507,-2.1040499542,-2.1511526259,-2.1979345838,-2.2443136197],[-2.2156057459,-2.1676980144,-2.1193006784,-2.0704957194,-2.021384226,-1.9720891241,-1.9227579513,-1.8735655079,-1.8247161466,-1.7764453741,-1.7290203582,-1.682738866,-1.6379261391,-1.5949292804,-1.55410891,-1.5158281908,-1.4804398026,-1.4482720125,-1.4196155158,-1.3947130396,-1.3737536111,-1.3568727377,-1.3441584907,-1.3356618717,-1.331408521,-1.331408521,-1.3356618717,-1.3441584907,-1.3568727377,-1.3737536111,-1.3947130396,-1.4196155158,-1.4482720125,-1.4804398026,-1.5158281908,-1.55410891,-1.5949292804,-1.6379261391,-1.682738866,-1.7290203582,-1.7764453741,-1.8247161466,-1.8735655079,-1.9227579513,-1.9720891241,-2.021384226,-2.0704957194,-2.1193006784,-2.1676980144,-2.2156057459],[-2.1879668106,-2.1385442602,-2.08854272,-2.0380438064,-1.9871501758,-1.9359888581,-1.8847147219,-1.8335138788,-1.7826067294,-1.7322502352,-1.682738866,-1.6344035594,-1.5876079696,-1.5427413409,-1.5002075836,-1.4604105992,-1.4237366167,-1.3905351715,-1.3611012536,-1.3356618717,-1.3143705685,-1.2973126802,-1.2845214092,-1.2760000375,-1.2717419156,-1.2717419156,-1.2760000375,-1.2845214092,-1.2973126802,-1.3143705685,-1.3356618717,-1.3611012536,-1.3905351715,-1.4237366167,-1.4604105992,-1.5002075836,-1.5427413409,-1.5876079696,-1.6344035594,-1.682738866,-1.7322502352,-1.7826067294,-1.8335138788,-1.8847147219,-1.9359888581,-1.9871501758,-2.0380438064,-2.08854272,-2.1385442602,-2.1879668106],[-2.1615285355,-2.1106169295,-2.0590352996,-2.0068648607,-1.9542100358,-1.9012025195,-1.8480056005,-1.7948185211,-1.741880516,-1.6894739957,-1.6379261391,-1.5876079696,-1.5389298563,-1.4923324094,-1.4482720125,-1.4072008262,-1.3695419939,-1.3356618717,-1.3058424951,-1.2802599288,-1.2589785552,-1.2419749262,-1.2291962301,-1.2206278565,-1.2163155533,-1.2163155533,-1.2206278565,-1.2291962301,-1.2419749262,-1.2589785552,-1.2802599288,-1.3058424951,-1.3356618717,-1.3695419939,-1.4072008262,-1.4482720125,-1.4923324094,-1.5389298563,-1.5876079696,-1.6379261391,-1.6894739957,-1.741880516,-1.7948185211,-1.8480056005,-1.9012025195,-1.9542100358,-2.0068648607,-2.0590352996,-2.1106169295,-2.1615285355],[-2.1364258982,-2.084063848,-2.0309403044,-1.9771361602,-1.9227579513,-1.8679428002,-1.8128637943,-1.7577355554,-1.7028195713,-1.6484286154,-1.5949292804,-1.5427413409,-1.4923324094,-1.4442062664,-1.3988834181,-1.3568727377,-1.3186329405,-1.2845214092,-1.2547272423,-1.2291962301,-1.2075995652,-1.1894696058,-1.1746022792,-1.1635240065,-1.15744964,-1.15744964,-1.1635240065,-1.1746022792,-1.1894696058,-1.2075995652,-1.2291962301,-1.2547272423,-1.2845214092,-1.3186329405,-1.3568727377,-1.3988834181,-1.4442062664,-1.4923324094,-1.5427413409,-1.5949292804,-1.6484286154,-1.7028195713,-1.7577355554,-1.8128637943,-1.8679428002,-1.9227579513,-1.9771361602,-2.0309403044,-2.084063848,-2.1364258982],[-2.1127955593,-2.0590352996,-2.0044229861,-1.949039386,-1.8929936359,-1.8364292342,-1.7795307074,-1.7225306913,-1.6657169288,-1.6094383423,-1.55410891,-1.5002075836,-1.4482720125,-1.3988834181,-1.3526392153,-1.3101069507,-1.2717419156,-1.2377208711,-1.2075995652,-1.179741711,-1.1509016941,-1.1173251851,-1.0786276599,-1.0416981742,-1.0185917904,-1.0185917904,-1.0416981742,-1.0786276599,-1.1173251851,-1.1509016941,-1.179741711,-1.2075995652,-1.2377208711,-1.2717419156,-1.3101069507,-1.3526392153,-1.3988834181,-1.4482720125,-1.5002075836,-1.55410891,-1.6094383423,-1.6657169288,-1.7225306913,-1.7795307074,-1.8364292342,-1.8929936359,-1.949039386,-2.0044229861,-2.0590352996,-2.1127955593],[-2.0907740457,-2.0356819701,-1.9796496244,-1.9227579513,-1.8651192887,-1.8068845922,-1.7482516448,-1.6894739957,-1.6308700581,-1.5728313432,-1.5158281908,-1.4604105992,-1.4072008262,-1.3568727377,-1.3101069507,-1.2674856586,-1.2291962301,-1.1941302219,-1.15744964,-1.1061551303,-1.0185917904,-0.883308272,-0.7246523095,-0.5891397158,-0.5131483313,-0.5131483313,-0.5891397158,-0.7246523095,-0.883308272,-1.0185917904,-1.1061551303,-1.15744964,-1.1941302219,-1.2291962301,-1.2674856586,-1.3101069507,-1.3568727377,-1.4072008262,-1.4604105992,-1.5158281908,-1.5728313432,-1.6308700581,-1.6894739957,-1.7482516448,-1.8068845922,-1.8651192887,-1.9227579513,-1.9796496244,-2.0356819701,-2.0907740457],[-2.0704957194,-2.01415263,-1.9567848731,-1.8984739451,-1.8393360447,-1.7795307074,-1.7192708226,-1.6588337947,-1.5985732201,-1.5389298563,-1.4804398026,-1.4237366167,-1.3695419939,-1.3186329405,-1.2717419156,-1.2291962301,-1.1894696058,-1.1437677077,-1.0615498941,-0.883308272,-0.5891397158,-0.2595105272,0.0111693065,0.1779041839,0.2481117614,0.2481117614,0.1779041839,0.0111693065,-0.2595105272,-0.5891397158,-0.883308272,-1.0615498941,-1.1437677077,-1.1894696058,-1.2291962301,-1.2717419156,-1.3186329405,-1.3695419939,-1.4237366167,-1.4804398026,-1.5389298563,-1.5985732201,-1.6588337947,-1.7192708226,-1.7795307074,-1.8393360447,-1.8984739451,-1.9567848731,-2.01415263,-2.0704957194],[-2.0520905815,-1.9945916121,-1.9359888581,-1.8763647801,-1.8158400785,-1.7545839023,-1.6928259204,-1.6308700581,-1.5691092304,-1.5080396389,-1.4482720125,-1.3905351715,-1.3356618717,-1.2845214092,-1.2377208711,-1.1941302219,-1.1437677077,-1.0416981742,-0.7835411878,-0.3475240918,0.0976642165,0.3402155429,0.304104769,0.1676599907,0.0768729063,0.0768729063,0.1676599907,0.304104769,0.3402155429,0.0976642165,-0.3475240918,-0.7835411878,-1.0416981742,-1.1437677077,-1.1941302219,-1.2377208711,-1.2845214092,-1.3356618717,-1.3905351715,-1.4482720125,-1.5080396389,-1.5691092304,-1.6308700581,-1.6928259204,-1.7545839023,-1.8158400785,-1.8763647801,-1.9359888581,-1.9945916121,-2.0520905815],[-2.0356819701,-1.9771361602,-1.917414121,-1.8565996655,-1.7948185211,-1.7322502352,-1.6691424954,-1.6058277354,-1.5427413409,-1.4804398026,-1.4196155158,-1.3611012536,-1.3058424951,-1.2547272423,-1.2075995652,-1.15744964,-1.0615498941,-0.7835411878,-0.2595105272,0.2481117614,0.304104769,-0.0234682502,-0.3504801546,-0.5653336954,-0.6651660434,-0.6651660434,-0.5653336954,-0.3504801546,-0.0234682502,0.304104769,0.2481117614,-0.2595105272,-0.7835411878,-1.0615498941,-1.15744964,-1.2075995652,-1.2547272423,-1.3058424951,-1.3611012536,-1.4196155158,-1.4804398026,-1.5427413409,-1.6058277354,-1.6691424954,-1.7322502352,-1.7948185211,-1.8565996655,-1.917414121,-1.9771361602,-2.0356819701],[-2.021384226,-1.9619137365,-1.9012025195,-1.8393360447,-1.7764453741,-1.7127208194,-1.6484286154,-1.5839305761,-1.5197060493,-1.4563742925,-1.3947130396,-1.3356618717,-1.2802599288,-1.2291962301,-1.179741711,-1.1061551303,-0.883308272,-0.3475240918,0.2481117614,0.2448769611,-0.2398006923,-0.6651660434,-0.9123968084,-1.0257627905,-1.0683775226,-1.0683775226,-1.0257627905,-0.9123968084,-0.6651660434,-0.2398006923,0.2448769611,0.2481117614,-0.3475240918,-0.883308272,-1.1061551303,-1.179741711,-1.2291962301,-1.2802599288,-1.3356618717,-1.3947130396,-1.4563742925,-1.5197060493,-1.5839305761,-1.6484286154,-1.7127208194,-1.7764453741,-1.8393360447,-1.9012025195,-1.9619137365,-2.021384226],[-2.0093004068,-1.949039386,-1.8874822024,-1.8247161466,-1.7608776121,-1.6961674667,-1.6308700581,-1.5653759292,-1.5002075836,-1.4360461785,-1.3737536111,-1.3143705685,-1.2589785552,-1.2075995652,-1.1509016941,-1.0185917904,-0.5891397158,0.0976642165,0.304104769,-0.2398006923,-0.7572585385,-1.0257627905,-1.1329835928,-1.1812629087,-1.203004974,-1.203004974,-1.1812629087,-1.1329835928,-1.0257627905,-0.7572585385,-0.2398006923,0.304104769,0.0976642165,-0.5891397158,-1.0185917904,-1.1509016941,-1.2075995652,-1.2589785552,-1.3143705685,-1.3737536111,-1.4360461785,-1.5002075836,-1.5653759292,-1.6308700581,-1.6961674667,-1.7608776121,-1.8247161466,-1.8874822024,-1.949039386,-2.0093004068],[-1.9995201335,-1.938613258,-1.8763647801,-1.8128637943,-1.7482516448,-1.682738866,-1.6166263424,-1.5503308808,-1.4844145659,-1.4196155158,-1.3568727377,-1.2973126802,-1.2419749262,-1.1894696058,-1.1173251851,-0.883308272,-0.2595105272,0.3402155429,-0.0234682502,-0.6651660434,-1.0257627905,-1.1583759983,-1.2248080881,-1.2730798088,-1.3019707116,-1.3019707116,-1.2730798088,-1.2248080881,-1.1583759983,-1.0257627905,-0.6651660434,-0.0234682502,0.3402155429,-0.2595105272,-0.883308272,-1.1173251851,-1.1894696058,-1.2419749262,-1.2973126802,-1.3568727377,-1.4196155158,-1.4844145659,-1.5503308808,-1.6166263424,-1.682738866,-1.7482516448,-1.8128637943,-1.8763647801,-1.938613258,-1.9995201335],[-1.9921176508,-1.9307183797,-1.8679428002,-1.8038815935,-1.7386802742,-1.6725574386,-1.6058277354,-1.5389298563,-1.4724589528,-1.4072008262,-1.3441584907,-1.2845214092,-1.2291962301,-1.1746022792,-1.0786276599,-0.7246523095,0.0111693065,0.304104769,-0.3504801546,-0.9123968084,-1.1329835928,-1.2248080881,-1.3019707116,-1.3781944567,-1.432534148,-1.432534148,-1.3781944567,-1.3019707116,-1.2248080881,-1.1329835928,-0.9123968084,-0.3504801546,0.304104769,0.0111693065,-0.7246523095,-1.0786276599,-1.1746022792,-1.2291962301,-1.2845214092,-1.3441584907,-1.4072008262,-1.4724589528,-1.5389298563,-1.6058277354,-1.6725574386,-1.7386802742,-1.8038815935,-1.8679428002,-1.9307183797,-1.9921176508],[-1.9871501758,-1.9254187682,-1.8622876213,-1.7978485985,-1.7322502352,-1.6657169288,-1.5985732201,-1.5312735423,-1.4644368762,-1.3988834181,-1.3356618717,-1.2760000375,-1.2206278565,-1.1635240065,-1.0416981742,-0.5891397158,0.1779041839,0.1676599907,-0.5653336954,-1.0257627905,-1.1812629087,-1.2730798088,-1.3781944567,-1.508479092,-1.6322650777,-1.6322650777,-1.508479092,-1.3781944567,-1.2730798088,-1.1812629087,-1.0257627905,-0.5653336954,0.1676599907,0.1779041839,-0.5891397158,-1.0416981742,-1.1635240065,-1.2206278565,-1.2760000375,-1.3356618717,-1.3988834181,-1.4644368762,-1.5312735423,-1.5985732201,-1.6657169288,-1.7322502352,-1.7978485985,-1.8622876213,-1.9254187682,-1.9871501758],[-1.9846566012,-1.9227579513,-1.8594477597,-1.7948185211,-1.7290203582,-1.6622807061,-1.5949292804,-1.5274287553,-1.4604105992,-1.3947130396,-1.331408521,-1.2717419156,-1.2163155533,-1.15744964,-1.0185917904,-0.5131483313,0.2481117614,0.0768729063,-0.6651660434,-1.0683775226,-1.203004974,-1.3019707116,-1.432534148,-1.6322650777,-1.9779856942,-1.9779856942,-1.6322650777,-1.432534148,-1.3019707116,-1.203004974,-1.0683775226,-0.6651660434,0.0768729063,0.2481117614,-0.5131483313,-1.0185917904,-1.15744964,-1.2163155533,-1.2717419156,-1.331408521,-1.3947130396,-1.4604105992,-1.5274287553,-1.5949292804,-1.6622807061,-1.7290203582,-1.7948185211,-1.8594477597,-1.9227579513,-1.9846566012],[-1.9846566012,-1.9227579513,-1.8594477597,-1.7948185211,-1.7290203582,-1.6622807061,-1.5949292804,-1.5274287553,-1.4604105992,-1.3947130396,-1.331408521,-1.2717419156,-1.2163155533,-1.15744964,-1.0185917904,-0.5131483313,0.2481117614,0.0768729063,-0.6651660434,-1.0683775226,-1.203004974,-1.3019707116,-1.432534148,-1.6322650777,-1.9779856942,-1.9779856942,-1.6322650777,-1.432534148,-1.3019707116,-1.203004974,-1.0683775226,-0.6651660434,0.0768729063,0.2481117614,-0.5131483313,-1.0185917904,-1.15744964,-1.2163155533,-1.2717419156,-1.331408521,-1.3947130396,-1.4604105992,-1.5274287553,-1.5949292804,-1.6622807061,-1.7290203582,-1.7948185211,-1.8594477597,-1.9227579513,-1.9846566012],[-1.9871501758,-1.9254187682,-1.8622876213,-1.7978485985,-1.7322502352,-1.6657169288,-1.5985732201,-1.5312735423,-1.4644368762,-1.3988834181,-1.3356618717,-1.2760000375,-1.2206278565,-1.1635240065,-1.0416981742,-0.5891397158,0.1779041839,0.1676599907,-0.5653336954,-1.0257627905,-1.1812629087,-1.2730798088,-1.3781944567,-1.508479092,-1.6322650777,-1.6322650777,-1.508479092,-1.3781944567,-1.2730798088,-1.1812629087,-1.0257627905,-0.5653336954,0.1676599907,0.1779041839,-0.5891397158,-1.0416981742,-1.1635240065,-1.2206278565,-1.2760000375,-1.3356618717,-1.3988834181,-1.4644368762,-1.5312735423,-1.5985732201,-1.6657169288,-1.7322502352,-1.7978485985,-1.8622876213,-1.9254187682,-1.9871501758],[-1.9921176508,-1.9307183797,-1.8679428002,-1.8038815935,-1.7386802742,-1.6725574386,-1.6058277354,-1.5389298563,-1.4724589528,-1.4072008262,-1.3441584907,-1.2845214092,-1.2291962301,-1.1746022792,-1.0786276599,-0.7246523095,0.0111693065,0.304104769,-0.3504801546,-0.9123968084,-1.1329835928,-1.2248080881,-1.3019707116,-1.3781944567,-1.432534148,-1.432534148,-1.3781944567,-1.3019707116,-1.2248080881,-1.1329835928,-0.9123968084,-0.3504801546,0.304104769,0.0111693065,-0.7246523095,-1.0786276599,-1.1746022792,-1.2291962301,-1.2845214092,-1.3441584907,-1.4072008262,-1.4724589528,-1.5389298563,-1.6058277354,-1.6725574386,-1.7386802742,-1.8038815935,-1.8679428002,-1.9307183797,-1.9921176508],[-1.9995201335,-1.938613258,-1.8763647801,-1.8128637943,-1.7482516448,-1.682738866,-1.6166263424,-1.5503308808,-1.4844145659,-1.4196155158,-1.3568727377,-1.2973126802,-1.2419749262,-1.1894696058,-1.1173251851,-0.883308272,-0.2595105272,0.3402155429,-0.0234682502,-0.6651660434,-1.0257627905,-1.1583759983,-1.2248080881,-1.2730798088,-1.3019707116,-1.3019707116,-1.2730798088,-1.2248080881,-1.1583759983,-1.0257627905,-0.6651660434,-0.0234682502,0.3402155429,-0.2595105272,-0.883308272,-1.1173251851,-1.1894696058,-1.2419749262,-1.2973126802,-1.3568727377,-1.4196155158,-1.4844145659,-1.5503308808,-1.6166263424,-1.682738866,-1.7482516448,-1.8128637943,-1.8763647801,-1.938613258,-1.9995201335],[-2.0093004068,-1.949039386,-1.8874822024,-1.8247161466,-1.7608776121,-1.6961674667,-1.6308700581,-1.5653759292,-1.5002075836,-1.4360461785,-1.3737536111,-1.3143705685,-1.2589785552,-1.2075995652,-1.1509016941,-1.0185917904,-0.5891397158,0.0976642165,0.304104769,-0.2398006923,-0.7572585385,-1.0257627905,-1.1329835928,-1.1812629087,-1.203004974,-1.203004974,-1.1812629087,-1.1329835928,-1.0257627905,-0.7572585385,-0.2398006923,0.304104769,0.0976642165,-0.5891397158,-1.0185917904,-1.1509016941,-1.2075995652,-1.2589785552,-1.3143705685,-1.3737536111,-1.4360461785,-1.5002075836,-1.5653759292,-1.6308700581,-1.6961674667,-1.7608776121,-1.8247161466,-1.8874822024,-1.949039386,-2.0093004068],[-2.021384226,-1.9619137365,-1.9012025195,-1.8393360447,-1.7764453741,-1.7127208194,-1.6484286154,-1.5839305761,-1.5197060493,-1.4563742925,-1.3947130396,-1.3356618717,-1.2802599288,-1.2291962301,-1.179741711,-1.1061551303,-0.883308272,-0.3475240918,0.2481117614,0.2448769611,-0.2398006923,-0.6651660434,-0.9123968084,-1.0257627905,-1.0683775226,-1.0683775226,-1.0257627905,-0.9123968084,-0.6651660434,-0.2398006923,0.2448769611,0.2481117614,-0.3475240918,-0.883308272,-1.1061551303,-1.179741711,-1.2291962301,-1.2802599288,-1.3356618717,-1.3947130396,-1.4563742925,-1.5197060493,-1.5839305761,-1.6484286154,-1.7127208194,-1.7764453741,-1.8393360447,-1.9012025195,-1.9619137365,-2.021384226],[-2.0356819701,-1.9771361602,-1.917414121,-1.8565996655,-1.7948185211,-1.7322502352,-1.6691424954,-1.6058277354,-1.5427413409,-1.4804398026,-1.4196155158,-1.3611012536,-1.3058424951,-1.2547272423,-1.2075995652,-1.15744964,-1.0615498941,-0.7835411878,-0.2595105272,0.2481117614,0.304104769,-0.0234682502,-0.3504801546,-0.5653336954,-0.6651660434,-0.6651660434,-0.5653336954,-0.3504801546,-0.0234682502,0.304104769,0.2481117614,-0.2595105272,-0.7835411878,-1.0615498941,-1.15744964,-1.2075995652,-1.2547272423,-1.3058424951,-1.3611012536,-1.4196155158,-1.4804398026,-1.5427413409,-1.6058277354,-1.6691424954,-1.7322502352,-1.7948185211,-1.8565996655,-1.917414121,-1.9771361602,-2.0356819701],[-2.0520905815,-1.9945916121,-1.9359888581,-1.8763647801,-1.8158400785,-1.7545839023,-1.6928259204,-1.6308700581,-1.5691092304,-1.5080396389,-1.4482720125,-1.3905351715,-1.3356618717,-1.2845214092,-1.2377208711,-1.1941302219,-1.1437677077,-1.0416981742,-0.7835411878,-0.3475240918,0.0976642165,0.3402155429,0.304104769,0.1676599907,0.0768729063,0.0768729063,0.1676599907,0.304104769,0.3402155429,0.0976642165,-0.3475240918,-0.7835411878,-1.0416981742,-1.1437677077,-1.1941302219,-1.2377208711,-1.2845214092,-1.3356618717,-1.3905351715,-1.4482720125,-1.5080396389,-1.5691092304,-1.6308700581,-1.6928259204,-1.7545839023,-1.8158400785,-1.8763647801,-1.9359888581,-1.9945916121,-2.0520905815],[-2.0704957194,-2.01415263,-1.9567848731,-1.8984739451,-1.8393360447,-1.7795307074,-1.7192708226,-1.6588337947,-1.5985732201,-1.5389298563,-1.4804398026,-1.4237366167,-1.3695419939,-1.3186329405,-1.2717419156,-1.2291962301,-1.1894696058,-1.1437677077,-1.0615498941,-0.883308272,-0.5891397158,-0.2595105272,0.0111693065,0.1779041839,0.2481117614,0.2481117614,0.1779041839,0.0111693065,-0.2595105272,-0.5891397158,-0.883308272,-1.0615498941,-1.1437677077,-1.1894696058,-1.2291962301,-1.2717419156,-1.3186329405,-1.3695419939,-1.4237366167,-1.4804398026,-1.5389298563,-1.5985732201,-1.6588337947,-1.7192708226,-1.7795307074,-1.8393360447,-1.8984739451,-1.9567848731,-2.01415263,-2.0704957194],[-2.0907740457,-2.0356819701,-1.9796496244,-1.9227579513,-1.8651192887,-1.8068845922,-1.7482516448,-1.6894739957,-1.6308700581,-1.5728313432,-1.5158281908,-1.4604105992,-1.4072008262,-1.3568727377,-1.3101069507,-1.2674856586,-1.2291962301,-1.1941302219,-1.15744964,-1.1061551303,-1.0185917904,-0.883308272,-0.7246523095,-0.5891397158,-0.5131483313,-0.5131483313,-0.5891397158,-0.7246523095,-0.883308272,-1.0185917904,-1.1061551303,-1.15744964,-1.1941302219,-1.2291962301,-1.2674856586,-1.3101069507,-1.3568727377,-1.4072008262,-1.4604105992,-1.5158281908,-1.5728313432,-1.6308700581,-1.6894739957,-1.7482516448,-1.8068845922,-1.8651192887,-1.9227579513,-1.9796496244,-2.0356819701,-2.0907740457],[-2.1127955593,-2.0590352996,-2.0044229861,-1.949039386,-1.8929936359,-1.8364292342,-1.7795307074,-1.7225306913,-1.6657169288,-1.6094383423,-1.55410891,-1.5002075836,-1.4482720125,-1.3988834181,-1.3526392153,-1.3101069507,-1.2717419156,-1.2377208711,-1.2075995652,-1.179741711,-1.1509016941,-1.1173251851,-1.0786276599,-1.0416981742,-1.0185917904,-1.0185917904,-1.0416981742,-1.0786276599,-1.1173251851,-1.1509016941,-1.179741711,-1.2075995652,-1.2377208711,-1.2717419156,-1.3101069507,-1.3526392153,-1.3988834181,-1.4482720125,-1.5002075836,-1.55410891,-1.6094383423,-1.6657169288,-1.7225306913,-1.7795307074,-1.8364292342,-1.8929936359,-1.949039386,-2.0044229861,-2.0590352996,-2.1127955593],[-2.1364258982,-2.084063848,-2.0309403044,-1.9771361602,-1.9227579513,-1.8679428002,-1.8128637943,-1.7577355554,-1.7028195713,-1.6484286154,-1.5949292804,-1.5427413409,-1.4923324094,-1.4442062664,-1.3988834181,-1.3568727377,-1.3186329405,-1.2845214092,-1.2547272423,-1.2291962301,-1.2075995652,-1.1894696058,-1.1746022792,-1.1635240065,-1.15744964,-1.15744964,-1.1635240065,-1.1746022792,-1.1894696058,-1.2075995652,-1.2291962301,-1.2547272423,-1.2845214092,-1.3186329405,-1.3568727377,-1.3988834181,-1.4442062664,-1.4923324094,-1.5427413409,-1.5949292804,-1.6484286154,-1.7028195713,-1.7577355554,-1.8128637943,-1.8679428002,-1.9227579513,-1.9771361602,-2.0309403044,-2.084063848,-2.1364258982],[-2.1615285355,-2.1106169295,-2.0590352996,-2.0068648607,-1.9542100358,-1.9012025195,-1.8480056005,-1.7948185211,-1.741880516,-1.6894739957,-1.6379261391,-1.5876079696,-1.5389298563,-1.4923324094,-1.4482720125,-1.4072008262,-1.3695419939,-1.3356618717,-1.3058424951,-1.2802599288,-1.2589785552,-1.2419749262,-1.2291962301,-1.2206278565,-1.2163155533,-1.2163155533,-1.2206278565,-1.2291962301,-1.2419749262,-1.2589785552,-1.2802599288,-1.3058424951,-1.3356618717,-1.3695419939,-1.4072008262,-1.4482720125,-1.4923324094,-1.5389298563,-1.5876079696,-1.6379261391,-1.6894739957,-1.741880516,-1.7948185211,-1.8480056005,-1.9012025195,-1.9542100358,-2.0068648607,-2.0590352996,-2.1106169295,-2.1615285355],[-2.1879668106,-2.1385442602,-2.08854272,-2.0380438064,-1.9871501758,-1.9359888581,-1.8847147219,-1.8335138788,-1.7826067294,-1.7322502352,-1.682738866,-1.6344035594,-1.5876079696,-1.5427413409,-1.5002075836,-1.4604105992,-1.4237366167,-1.3905351715,-1.3611012536,-1.3356618717,-1.3143705685,-1.2973126802,-1.2845214092,-1.2760000375,-1.2717419156,-1.2717419156,-1.2760000375,-1.2845214092,-1.2973126802,-1.3143705685,-1.3356618717,-1.3611012536,-1.3905351715,-1.4237366167,-1.4604105992,-1.5002075836,-1.5427413409,-1.5876079696,-1.6344035594,-1.682738866,-1.7322502352,-1.7826067294,-1.8335138788,-1.8847147219,-1.9359888581,-1.9871501758,-2.0380438064,-2.08854272,-2.1385442602,-2.1879668106],[-2.2156057459,-2.1676980144,-2.1193006784,-2.0704957194,-2.021384226,-1.9720891241,-1.9227579513,-1.8735655079,-1.8247161466,-1.7764453741,-1.7290203582,-1.682738866,-1.6379261391,-1.5949292804,-1.55410891,-1.5158281908,-1.4804398026,-1.4482720125,-1.4196155158,-1.3947130396,-1.3737536111,-1.3568727377,-1.3441584907,-1.3356618717,-1.331408521,-1.331408521,-1.3356618717,-1.3441584907,-1.3568727377,-1.3737536111,-1.3947130396,-1.4196155158,-1.4482720125,-1.4804398026,-1.5158281908,-1.55410891,-1.5949292804,-1.6379261391,-1.682738866,-1.7290203582,-1.7764453741,-1.8247161466,-1.8735655079,-1.9227579513,-1.9720891241,-2.021384226,-2.0704957194,-2.1193006784,-2.1676980144,-2.2156057459],[-2.2443136197,-2.1979345838,-2.1511526259,-2.1040499539,-2.0567261507,-2.0093004068,-1.9619137365,-1.9147310375,-1.8679428002,-1.8217662145,-1.7764453741,-1.7322502352,-1.6894739957,-1.6484286154,-1.6094383423,-1.5728313432,-1.5389298563,-1.5080396389,-1.4804398026,-1.4563742925,-1.4360461785,-1.4196155158,-1.4072008262,-1.3988834181,-1.3947130396,-1.3947130396,-1.3988834181,-1.4072008262,-1.4196155158,-1.4360461785,-1.4563742925,-1.4804398026,-1.5080396389,-1.5389298563,-1.5728313432,-1.6094383423,-1.6484286154,-1.6894739957,-1.7322502352,-1.7764453741,-1.8217662145,-1.8679428002,-1.9147310375,-1.9619137365,-2.0093004068,-2.0567261507,-2.1040499542,-2.1511526259,-2.1979345838,-2.2443136197],[-2.2739632772,-2.2291160193,-2.1839489427,-2.1385442602,-2.0929999965,-2.0474318092,-2.0019747535,-1.9567848731,-1.9120404615,-1.8679428002,-1.8247161466,-1.7826067294,-1.741880516,-1.7028195713,-1.6657169288,-1.6308700581,-1.5985732201,-1.5691092304,-1.5427413409,-1.5197060493,-1.5002075836,-1.4844145659,-1.4724589528,-1.4644368762,-1.4604105992,-1.4604105992,-1.4644368762,-1.4724589528,-1.4844145659,-1.5002075836,-1.5197060493,-1.5427413409,-1.5691092304,-1.5985732201,-1.6308700581,-1.6657169288,-1.7028195713,-1.741880516,-1.7826067294,-1.8247161466,-1.8679428002,-1.9120404615,-1.9567848731,-2.0019747535,-2.0474318092,-2.0929999965,-2.1385442602,-2.1839489427,-2.2291160193,-2.2739632772],[-2.3044331788,-2.2611111583,-2.2175481496,-2.1738260895,-2.1300413057,-2.0863059954,-2.0427496222,-1.9995201335,-1.9567848731,-1.9147310375,-1.8735655079,-1.8335138788,-1.7948185211,-1.7577355554,-1.7225306913,-1.6894739957,-1.6588337947,-1.6308700581,-1.6058277354,-1.5839305761,-1.5653759292,-1.5503308808,-1.5389298563,-1.5312735423,-1.5274287553,-1.5274287553,-1.5312735423,-1.5389298563,-1.5503308808,-1.5653759292,-1.5839305761,-1.6058277354,-1.6308700581,-1.6588337947,-1.6894739957,-1.7225306913,-1.7577355554,-1.7948185211,-1.8335138788,-1.8735655079,-1.9147310375,-1.9567848731,-1.9995201335,-2.0427496222,-2.0863059954,-2.1300413057,-2.1738260895,-2.2175481496,-2.2611111583,-2.3044331788],[-2.3356081929,-2.293796449,-2.2518177598,-2.2097534702,-2.1676980144,-2.1257601088,-2.084063848,-2.0427496222,-2.0019747535,-1.9619137365,-1.9227579513,-1.8847147219,-1.8480056005,-1.8128637943,-1.7795307074,-1.7482516448,-1.7192708226,-1.6928259204,-1.6691424954,-1.6484286154,-1.6308700581,-1.6166263424,-1.6058277354,-1.5985732201,-1.5949292804,-1.5949292804,-1.5985732201,-1.6058277354,-1.6166263424,-1.6308700581,-1.6484286154,-1.6691424954,-1.6928259204,-1.7192708226,-1.7482516448,-1.7795307074,-1.8128637943,-1.8480056005,-1.8847147219,-1.9227579513,-1.9619137365,-2.0019747535,-2.0427496222,-2.084063848,-2.1257601088,-2.1676980144,-2.2097534702,-2.2518177598,-2.293796449,-2.3356081929],[-2.3673801523,-2.3270564976,-2.286634806,-2.2461955007,-2.2058308953,-2.1656461477,-2.1257601088,-2.0863059954,-2.0474318092,-2.0093004068,-1.9720891241,-1.9359888581,-1.9012025195,-1.8679428002,-1.8364292342,-1.8068845922,-1.7795307074,-1.7545839023,-1.7322502352,-1.7127208194,-1.6961674667,-1.682738866,-1.6725574386,-1.6657169288,-1.6622807061,-1.6622807061,-1.6657169288,-1.6725574386,-1.682738866,-1.6961674667,-1.7127208194,-1.7322502352,-1.7545839023,-1.7795307074,-1.8068845922,-1.8364292342,-1.8679428002,-1.9012025195,-1.9359888581,-1.9720891241,-2.0093004068,-2.0474318092,-2.0863059954,-2.1257601088,-2.1656461477,-2.2058308953,-2.2461955007,-2.286634806,-2.3270564976,-2.3673801523],[-2.3996481976,-2.3607843705,-2.321886084,-2.2830325141,-2.2443136197,-2.2058308953,-2.1676980144,-2.1300413057,-2.0929999965,-2.0567261507,-2.021384226,-1.9871501758,-1.9542100358,-1.9227579513,-1.8929936359,-1.8651192887,-1.8393360447,-1.8158400785,-1.7948185211,-1.7764453741,-1.7608776121,-1.7482516448,-1.7386802742,-1.7322502352,-1.7290203582,-1.7290203582,-1.7322502352,-1.7386802742,-1.7482516448,-1.7608776121,-1.7764453741,-1.7948185211,-1.8158400785,-1.8393360447,-1.8651192887,-1.8929936359,-1.9227579513,-1.9542100358,-1.9871501758,-2.021384226,-2.0567261507,-2.0929999965,-2.1300413057,-2.1676980144,-2.2058308953,-2.2443136197,-2.2830325141,-2.321886084,-2.3607843705,-2.3996481976],[-2.4323189357,-2.3948816867,-2.3574681582,-2.3201559738,-2.2830325141,-2.2461955007,-2.2097534702,-2.1738260895,-2.1385442602,-2.1040499539,-2.0704957194,-2.0380438064,-2.0068648607,-1.9771361602,-1.949039386,-1.9227579513,-1.8984739451,-1.8763647801,-1.8565996655,-1.8393360447,-1.8247161466,-1.8128637943,-1.8038815935,-1.7978485985,-1.7948185211,-1.7948185211,-1.7978485985,-1.8038815935,-1.8128637943,-1.8247161466,-1.8393360447,-1.8565996655,-1.8763647801,-1.8984739451,-1.9227579513,-1.949039386,-1.9771361602,-2.0068648607,-2.0380438064,-2.0704957194,-2.1040499539,-2.1385442602,-2.1738260895,-2.2097534702,-2.2461955007,-2.2830325141,-2.3201559738,-2.3574681582,-2.3948816867,-2.4323189357],[-2.4653064416,-2.4292585361,-2.3932871765,-2.3574681582,-2.321886084,-2.286634806,-2.2518177598,-2.2175481496,-2.1839489427,-2.1511526259,-2.1193006784,-2.08854272,-2.0590352996,-2.0309403044,-2.0044229861,-1.9796496244,-1.9567848731,-1.9359888581,-1.917414121,-1.9012025195,-1.8874822024,-1.8763647801,-1.8679428002,-1.8622876213,-1.8594477597,-1.8594477597,-1.8622876213,-1.8679428002,-1.8763647801,-1.8874822024,-1.9012025195,-1.917414121,-1.9359888581,-1.9567848731,-1.9796496244,-2.0044229861,-2.0309403044,-2.0590352996,-2.08854272,-2.1193006784,-2.1511526259,-2.1839489427,-2.2175481496,-2.2518177598,-2.286634806,-2.321886084,-2.3574681582,-2.3932871765,-2.4292585361,-2.4653064416],[-2.4985321342,-2.4638332615,-2.4292585361,-2.3948816867,-2.3607843705,-2.3270564976,-2.293796449,-2.2611111583,-2.2291160193,-2.1979345838,-2.1676980144,-2.1385442602,-2.1106169295,-2.084063848,-2.0590352996,-2.0356819701,-2.01415263,-1.9945916121,-1.9771361602,-1.9619137365,-1.949039386,-1.938613258,-1.9307183797,-1.9254187682,-1.9227579513,-1.9227579513,-1.9254187682,-1.9307183797,-1.938613258,-1.949039386,-1.9619137365,-1.9771361602,-1.9945916121,-2.01415263,-2.0356819701,-2.0590352996,-2.084063848,-2.1106169295,-2.1385442602,-2.1676980144,-2.1979345838,-2.2291160193,-2.2611111583,-2.293796449,-2.3270564976,-2.3607843705,-2.3948816867,-2.4292585361,-2.4638332615,-2.498532135],[-2.5319245502,-2.4985321342,-2.4653064416,-2.4323189357,-2.3996481976,-2.3673801523,-2.3356081929,-2.3044331788,-2.2739632772,-2.2443136197,-2.2156057459,-2.1879668106,-2.1615285355,-2.1364258982,-2.1127955593,-2.0907740457,-2.0704957194,-2.0520905815,-2.0356819701,-2.021384226,-2.0093004068,-1.9995201335,-1.9921176508,-1.9871501758,-1.9846566012,-1.9846566012,-1.9871501758,-1.9921176508,-1.9995201335,-2.0093004068,-2.021384226,-2.0356819701,-2.0520905815,-2.0704957194,-2.0907740457,-2.1127955593,-2.1364258982,-2.1615285355,-2.1879668106,-2.2156057459,-2.2443136197,-2.2739632772,-2.3044331788,-2.3356081929,-2.3673801523,-2.3996481976,-2.4323189357,-2.4653064416,-2.4985321342,-2.5319245507]]}