{"columns":[0,1,2,3,4,5,6,7,8,9,10,11,12,13,14,15,16,17,18,19,20,21,22,23,24,25,26,27,28,29,30,31,32,33,34,35,36,37,38,39,40,41,42,43,44,45,46,47,48,49],"index":[0,1,2,3,4,5,6,7,8,9,10,11,12,13,14,15,16,17,18,19,20,21,22,23,24,25,26,27,28,29,30,31,32,33,34,35,36,37,38,39,40,41,42,43,44,45,46,47,48,49],"data":[[-2.4173525322,-2.3837198301,-2.3502433929,-2.31699479,-2.2840528593,-2.2515039607,-2.2194421322,-2.1879691192,-2.157194248,-2.1272341113,-2.0982120381,-2.0702573184,-2.0435041649,-2.018090397,-1.9941558484,-1.9718405107,-1.951282444,-1.9326154988,-1.9159669135,-1.9014548619,-1.889186037,-1.8792533611,-1.8717339132,-1.8666871569,-1.8641535428,-1.8641535428,-1.8666871569,-1.8717339132,-1.8792533611,-1.889186037,-1.9014548619,-1.9159669135,-1.9326154988,-1.951282444,-1.9718405107,-1.9941558484,-2.018090397,-2.0435041649,-2.0702573184,-2.0982120381,-2.1272341113,-2.157194248,-2.1879691192,-2.2194421322,-2.2515039607,-2.2840528593,-2.31699479,-2.3502433929,-2.3837198301,-2.4173525318],[-2.3837198301,-2.3487588157,-2.3139095299,-2.2792456924,-2.244849115,-2.2108100615,-2.1772275049,-2.1442092508,-2.1118718865,-2.0803405211,-2.0497482751,-2.0202354861,-1.9919486011,-1.9650387368,-1.9396599049,-1.9159669135,-1.894112982,-1.8742471213,-1.8565113571,-1.841037887,-1.8279462769,-1.8173408043,-1.8093080571,-1.803914884,-1.8012067815,-1.8012067815,-1.803914884,-1.8093080571,-1.8173408043,-1.8279462769,-1.841037887,-1.8565113571,-1.8742471213,-1.894112982,-1.9159669135,-1.9396599049,-1.9650387368,-1.9919486011,-2.0202354861,-2.0497482751,-2.0803405211,-2.1118718865,-2.1442092508,-2.1772275049,-2.2108100615,-2.244849115,-2.2792456924,-2.3139095299,-2.3487588157,-2.3837198307],[-2.3502433929,-2.3139095299,-2.2776375184,-2.2415029893,-2.2055905552,-2.1699942979,-2.1348181504,-2.1001761365,-2.0661924205,-2.0330011209,-2.0007458366,-1.969578841,-1.9396599049,-1.9111547198,-1.8842329144,-1.8590656765,-1.8358230215,-1.8146707735,-1.7957673534,-1.7792604884,-1.765283969,-1.7539545876,-1.7453693814,-1.7396032925,-1.7367073346,-1.7367073346,-1.7396032925,-1.7453693814,-1.7539545876,-1.765283969,-1.7792604884,-1.7957673534,-1.8146707735,-1.8358230215,-1.8590656765,-1.8842329144,-1.9111547198,-1.9396599049,-1.969578841,-2.0007458366,-2.0330011209,-2.0661924205,-2.1001761365,-2.1348181504,-2.1699942979,-2.2055905552,-2.2415029893,-2.2776375184,-2.3139095299,-2.3502433929],[-2.31699479,-2.2792456924,-2.2415029893,-2.2038439334,-2.166355718,-2.1291361147,-2.0922940081,-2.0559497797,-2.0202354861,-1.9852947702,-1.951282444,-1.9183636805,-1.8867127636,-1.8565113571,-1.8279462768,-1.8012067815,-1.7764814295,-1.7539545876,-1.7338027104,-1.7161905348,-1.7012673505,-1.6891635022,-1.6799872727,-1.6738222629,-1.6707253612,-1.6707253612,-1.6738222629,-1.6799872727,-1.6891635022,-1.7012673505,-1.7161905348,-1.7338027104,-1.7539545876,-1.7764814295,-1.8012067815,-1.8279462768,-1.8565113571,-1.8867127636,-1.9183636805,-1.951282444,-1.9852947702,-2.0202354861,-2.0559497797,-2.0922940081,-2.1291361147,-2.166355718,-2.2038439334,-2.2415029893,-2.2792456924,-2.31699479],[-2.2840528593,-2.244849115,-2.2055905552,-2.166355718,-2.1272341113,-2.0883270301,-2.0497482751,-2.0116247151,-1.9740966263,-1.9373177316,-1.9014548619,-1.8666871569,-1.8332047352,-1.8012067815,-1.7708990253,-1.7424906272,-1.7161905348,-1.6922034213,-1.6707253612,-1.6519394356,-1.6360114688,-1.6230860907,-1.6132832897,-1.6066955744,-1.6033858183,-1.6033858183,-1.6066955744,-1.6132832897,-1.6230860907,-1.6360114688,-1.6519394356,-1.6707253612,-1.6922034213,-1.7161905348,-1.7424906272,-1.7708990253,-1.8012067815,-1.8332047352,-1.8666871569,-1.9014548619,-1.9373177316,-1.9740966263,-2.0116247151,-2.0497482751,-2.0883270301,-2.1272341113,-2.166355718,-2.2055905552,-2.244849115,-2.2840528593],[-2.2515039607,-2.2108100615,-2.1699942979,-2.1291361147,-2.0883270301,-2.0476716662,-2.0072886894,-1.9673115916,-1.9278892309,-1.889186037,-1.8513817765,-1.8146707735,-1.7792604884,-1.7453693814,-1.7132240237,-1.6830554741,-1.6550950064,-1.6295693373,-1.6066955744,-1.5866761397,-1.5696939387,-1.5559080159,-1.545449879,-1.5384205916,-1.5348886568,-1.5348886568,-1.5384205916,-1.545449879,-1.5559080159,-1.5696939387,-1.5866761397,-1.6066955744,-1.6295693373,-1.6550950064,-1.6830554741,-1.7132240237,-1.7453693814,-1.7792604884,-1.8146707735,-1.8513817765,-1.889186037,-1.9278892309,-1.9673115916,-2.0072886894,-2.0476716662,-2.0883270301,-2.1291361147,-2.1699942979,-2.2108100615,-2.2515039607],[-2.2194421322,-2.1772275049,-2.1348181504,-2.0922940081,-2.0497482751,-2.0072886894,-1.9650387368,-1.9231387013,-1.8817464575,-1.841037887,-1.8012067815,-1.7624640942,-1.7250364059,-1.6891635022,-1.6550950064,-1.6230860907,-1.5933923818,-1.5662642775,-1.5419409844,-1.520644643,-1.5025749101,-1.4879043094,-1.4767745455,-1.4692938281,-1.4655351177,-1.4655351177,-1.4692938281,-1.4767745455,-1.4879043094,-1.5025749101,-1.520644643,-1.5419409844,-1.5662642775,-1.5933923818,-1.6230860907,-1.6550950064,-1.6891635022,-1.7250364059,-1.7624640942,-1.8012067815,-1.841037887,-1.8817464575,-1.9231387013,-1.9650387368,-2.0072886894,-2.0497482751,-2.0922940081,-2.1348181504,-2.1772275049,-2.2194421322],[-2.1879691192,-2.1442092508,-2.1001761365,-2.0559497797,-2.0116247151,-1.9673115916,-1.9231387013,-1.8792533611,-1.8358230215,-1.7930359507,-1.7511013193,-1.7102484945,-1.6707253612,-1.6327955184,-1.5967342699,-1.5628234339,-1.5313451371,-1.5025749101,-1.4767745455,-1.4541852567,-1.435021676,-1.4194671088,-1.4076702474,-1.3997432802,-1.395761089,-1.395761089,-1.3997432802,-1.4076702474,-1.4194671088,-1.435021676,-1.4541852567,-1.4767745455,-1.5025749101,-1.5313451371,-1.5628234339,-1.5967342699,-1.6327955184,-1.6707253612,-1.7102484945,-1.7511013193,-1.7930359507,-1.8358230215,-1.8792533611,-1.9231387013,-1.9673115916,-2.0116247151,-2.0559497797,-2.1001761365,-2.1442092508,-2.1879691192],[-2.157194248,-2.1118718865,-2.0661924205,-2.0202354861,-1.9740966263,-1.9278892309,-1.8817464575,-1.8358230215,-1.7902967037,-1.7453693814,-1.7012673505,-1.6582406807,-1.6165613449,-1.5765198998,-1.5384205916,-1.5025749101,-1.4692938281,-1.4388791994,-1.4116150139,-1.3877593363,-1.3675377412,-1.3511388389,-1.3387121024,-1.3303677202,-1.3261777702,-1.3261777702,-1.3303677202,-1.3387121024,-1.3511388389,-1.3675377412,-1.3877593363,-1.4116150139,-1.4388791994,-1.4692938281,-1.5025749101,-1.5384205916,-1.5765198998,-1.6165613449,-1.6582406807,-1.7012673505,-1.7453693814,-1.7902967037,-1.8358230215,-1.8817464575,-1.9278892309,-1.9740966263,-2.0202354861,-2.0661924205,-2.1118718865,-2.157194248],[-2.1272341113,-2.0803405211,-2.0330011209,-1.9852947702,-1.9373177316,-1.889186037,-1.841037887,-1.7930359507,-1.7453693814,-1.6982552997,-1.6519394356,-1.6066955744,-1.5628234339,-1.520644643,-1.4804966109,-1.4427243019,-1.4076702474,-1.3756635074,-1.3470086555,-1.3219760865,-1.300794918,-1.2836493859,-1.2706789552,-1.2619815096,-1.2576182117,-1.2576182117,-1.2619815096,-1.2706789552,-1.2836493859,-1.300794918,-1.3219760865,-1.3470086555,-1.3756635074,-1.4076702474,-1.4427243019,-1.4804966109,-1.520644643,-1.5628234339,-1.6066955744,-1.6519394356,-1.6982552997,-1.7453693814,-1.7930359507,-1.841037887,-1.889186037,-1.9373177316,-1.9852947705,-2.0330011209,-2.0803405211,-2.1272341113],[-2.0982120381,-2.0497482751,-2.0007458366,-1.951282444,-1.9014548619,-1.8513817765,-1.8012067815,-1.7511013193,-1.7012673505,-1.6519394356,-1.6033858183,-1.5559080159,-1.5098383792,-1.4655351177,-1.423374443,-1.3837398018,-1.3470086555,-1.3135378709,-1.2836493859,-1.2576182117,-1.2356648072,-1.2179532551,-1.2045954994,-1.1956604135,-1.1911851011,-1.1911851011,-1.1956604135,-1.2045954994,-1.2179532551,-1.2356648072,-1.2576182117,-1.2836493859,-1.3135378709,-1.3470086555,-1.3837398018,-1.423374443,-1.4655351177,-1.5098383792,-1.5559080159,-1.6033858183,-1.6519394356,-1.7012673505,-1.7511013193,-1.8012067815,-1.8513817765,-1.9014548619,-1.951282444,-2.0007458366,-2.0497482751,-2.0982120381],[-2.0702573184,-2.0202354861,-1.969578841,-1.9183636805,-1.8666871569,-1.8146707735,-1.7624640942,-1.7102484945,-1.6582406807,-1.6066955744,-1.5559080159,-1.5062125998,-1.4579808573,-1.4116150139,-1.3675377412,-1.3261777702,-1.2879519721,-1.2532454763,-1.2223923932,-1.1956604135,-1.1732425742,-1.1552585317,-1.1417657381,-1.1327783445,-1.1282892226,-1.1282892226,-1.1327783445,-1.1417657381,-1.1552585317,-1.1732425742,-1.1956604135,-1.2223923932,-1.2532454763,-1.2879519721,-1.3261777702,-1.3675377412,-1.4116150139,-1.4579808573,-1.5062125998,-1.5559080159,-1.6066955744,-1.6582406807,-1.7102484945,-1.7624640942,-1.8146707735,-1.8666871569,-1.9183636805,-1.969578841,-2.0202354861,-2.0702573184],[-2.0435041649,-1.9919486011,-1.9396599049,-1.8867127636,-1.8332047352,-1.7792604884,-1.7250364059,-1.6707253612,-1.6165613449,-1.5628234339,-1.5098383792,-1.4579808573,-1.4076702474,-1.3593627486,-1.3135378709,-1.2706789552,-1.2312484786,-1.1956604135,-1.1642535344,-1.1372707748,-1.1148499432,-1.0970299115,-1.0837735084,-1.0750034656,-1.0706419496,-1.0706419496,-1.0750034656,-1.0837735084,-1.0970299115,-1.1148499432,-1.1372707748,-1.1642535344,-1.1956604135,-1.2312484786,-1.2706789552,-1.3135378709,-1.3593627486,-1.4076702474,-1.4579808573,-1.5098383792,-1.5628234339,-1.6165613449,-1.6707253612,-1.7250364059,-1.7792604884,-1.8332047352,-1.8867127636,-1.9396599049,-1.9919486011,-2.0435041649],[-2.018090397,-1.9650387368,-1.9111547198,-1.8565113571,-1.8012067815,-1.7453693814,-1.6891635022,-1.6327955184,-1.5765198998,-1.520644643,-1.4655351177,-1.4116150139,-1.3593627486,-1.3093015311,-1.2619815096,-1.2179532551,-1.1777334328,-1.1417657381,-1.1103824531,-1.0837735084,-1.0619711132,-1.0448616241,-1.0322404728,-1.0239087304,-1.0197558437,-1.0197558437,-1.0239087304,-1.0322404728,-1.0448616241,-1.0619711132,-1.0837735084,-1.1103824531,-1.1417657381,-1.1777334328,-1.2179532551,-1.2619815096,-1.3093015311,-1.3593627486,-1.4116150139,-1.4655351177,-1.520644643,-1.5765198998,-1.6327955184,-1.6891635022,-1.7453693814,-1.8012067815,-1.8565113571,-1.9111547198,-1.9650387368,-2.018090397],[-1.9941558484,-1.9396599049,-1.8842329144,-1.8279462769,-1.7708990253,-1.7132240237,-1.6550950064,-1.5967342699,-1.5384205916,-1.4804966109,-1.423374443,-1.3675377412,-1.3135378709,-1.2619815096,-1.2135071581,-1.168749091,-1.1282892226,-1.092599036,-1.0619711132,-1.0364286116,-1.0156017165,-0.9986664018,-0.9847004246,-0.973698008,-0.9672473168,-0.9672473168,-0.973698008,-0.9847004246,-0.9986664018,-1.0156017165,-1.0364286116,-1.0619711132,-1.092599036,-1.1282892226,-1.168749091,-1.2135071581,-1.2619815096,-1.3135378709,-1.3675377412,-1.423374443,-1.4804966109,-1.5384205916,-1.5967342699,-1.6550950064,-1.7132240237,-1.7708990253,-1.8279462769,-1.8842329142,-1.9396599049,-1.9941558484],[-1.9718405107,-1.9159669135,-1.8590656765,-1.8012067815,-1.7424906272,-1.6830554741,-1.6230860907,-1.5628234339,-1.5025749101,-1.4427243019,-1.3837398018,-1.3261777702,-1.2706789552,-1.2179532551,-1.168749091,-1.1238042166,-1.0837735084,-1.0491085054,-1.0197558437,-0.9942165161,-0.9672473168,-0.9278523802,-0.8667135083,-0.7954073807,-0.7466474637,-0.7466474637,-0.7954073807,-0.8667135083,-0.9278523802,-0.9672473168,-0.9942165161,-1.0197558437,-1.0491085054,-1.0837735084,-1.1238042166,-1.168749091,-1.2179532551,-1.2706789552,-1.3261777702,-1.3837398018,-1.4427243019,-1.5025749101,-1.5628234339,-1.6230860934,-1.6830554741,-1.7424906272,-1.8012067815,-1.8590656765,-1.9159669135,-1.9718405107],[-1.951282444,-1.894112982,-1.8358230215,-1.7764814295,-1.7161905348,-1.6550950064,-1.5933923818,-1.5313451371,-1.4692938281,-1.4076702474,-1.3470086555,-1.2879519721,-1.2312484786,-1.1777334328,-1.1282892226,-1.0837735084,-1.0448616241,-1.0114349454,-0.9794515882,-0.9278523802,-0.7954073807,-0.5383564335,-0.2537625772,-0.0594157803,0.0245821419,0.0245821419,-0.0594157803,-0.2537625772,-0.5383564335,-0.7954073807,-0.9278523802,-0.9794515882,-1.0114349454,-1.0448616241,-1.0837735084,-1.1282892226,-1.1777334328,-1.2312484786,-1.2879519721,-1.3470086555,-1.4076702474,-1.4692938281,-1.5313451371,-1.5933923818,-1.6550950064,-1.7161905348,-1.7764814295,-1.8358230215,-1.894112982,-1.951282444],[-1.9326154988,-1.8742471213,-1.8146707735,-1.7539545876,-1.6922034213,-1.6295693373,-1.5662642775,-1.5025749101,-1.4388791994,-1.3756635074,-1.3135378709,-1.2532454763,-1.1956604135,-1.1417657381,-1.092599036,-1.0491085054,-1.0114349454,-0.973698008,-0.8919203449,-0.6181945695,-0.1541019218,0.1352838903,0.0885745676,-0.0785067722,-0.1868361522,-0.1868361522,-0.0785067722,0.0885745676,0.1352838903,-0.1541019218,-0.6181945695,-0.8919203449,-0.973698008,-1.0114349454,-1.0491085054,-1.092599036,-1.1417657381,-1.1956604135,-1.2532454763,-1.3135378709,-1.3756635074,-1.4388791994,-1.5025749101,-1.5662642775,-1.6295693373,-1.6922034213,-1.7539545876,-1.8146707735,-1.8742471213,-1.9326154988],[-1.9159669135,-1.8565113571,-1.7957673534,-1.7338027104,-1.6707253612,-1.6066955744,-1.5419409844,-1.4767745455,-1.4116150139,-1.3470086555,-1.2836493859,-1.2223923932,-1.1642535344,-1.1103824531,-1.0619711132,-1.0197558437,-0.9794515882,-0.8919203449,-0.5383564335,0.0245821419,0.0885745676,-0.3025525353,-0.6308394236,-0.7883199648,-0.8438502441,-0.8438502441,-0.7883199648,-0.6308394236,-0.3025525353,0.0885745676,0.0245821419,-0.5383564335,-0.8919203449,-0.9794515882,-1.0197558437,-1.0619711132,-1.1103824531,-1.1642535344,-1.2223923932,-1.2836493859,-1.3470086555,-1.4116150139,-1.4767745455,-1.5419409844,-1.6066955744,-1.6707253612,-1.7338027104,-1.7957673534,-1.8565113571,-1.9159669135],[-1.9014548619,-1.841037887,-1.7792604884,-1.7161905348,-1.6519394356,-1.5866761397,-1.520644643,-1.4541852567,-1.3877593363,-1.3219760865,-1.2576182117,-1.1956604135,-1.1372707748,-1.0837735084,-1.0364286116,-0.9942165161,-0.9278523802,-0.6181945695,0.0245821419,0.0155412131,-0.5301591142,-0.8438502441,-0.9410638084,-0.9743581207,-0.9875057012,-0.9875057012,-0.9743581207,-0.9410638084,-0.8438502441,-0.5301591142,0.0155412131,0.0245821419,-0.6181945695,-0.9278523802,-0.9942165161,-1.0364286116,-1.0837735084,-1.1372707748,-1.1956604135,-1.2576182117,-1.3219760865,-1.3877593363,-1.4541852567,-1.520644643,-1.5866761397,-1.6519394356,-1.7161905348,-1.7792604884,-1.841037887,-1.9014548619],[-1.889186037,-1.8279462769,-1.765283969,-1.7012673505,-1.6360114688,-1.5696939387,-1.5025749101,-1.435021676,-1.3675377412,-1.300794918,-1.2356648072,-1.1732425742,-1.1148499432,-1.0619711132,-1.0156017165,-0.9672473168,-0.7954073807,-0.1541019218,0.0885745676,-0.5301591142,-0.8859727022,-0.9743581207,-1.0123563806,-1.0396839638,-1.0554964538,-1.0554964538,-1.0396839638,-1.0123563806,-0.9743581207,-0.8859727022,-0.5301591142,0.0885745676,-0.1541019218,-0.7954073807,-0.9672473168,-1.0156017165,-1.0619711132,-1.1148499432,-1.1732425742,-1.2356648072,-1.300794918,-1.3675377412,-1.435021676,-1.5025749101,-1.5696939387,-1.6360114688,-1.7012673505,-1.765283969,-1.8279462769,-1.889186037],[-1.8792533611,-1.8173408043,-1.7539545876,-1.6891635022,-1.6230860907,-1.5559080159,-1.4879043094,-1.4194671088,-1.3511388389,-1.2836493859,-1.2179532551,-1.1552585317,-1.0970299115,-1.0448616241,-0.9986664018,-0.9278523802,-0.5383564335,0.1352838903,-0.3025525353,-0.8438502441,-0.9743581207,-1.0254524954,-1.0733532722,-1.1175323859,-1.1455391225,-1.1455391225,-1.1175323859,-1.0733532722,-1.0254524954,-0.9743581207,-0.8438502441,-0.3025525353,0.1352838903,-0.5383564335,-0.9278523802,-0.9986664018,-1.0448616241,-1.0970299115,-1.1552585317,-1.2179532551,-1.2836493859,-1.3511388389,-1.4194671088,-1.4879043094,-1.5559080159,-1.6230860907,-1.6891635022,-1.7539545876,-1.8173408043,-1.8792533611],[-1.8717339132,-1.8093080571,-1.7453693814,-1.6799872727,-1.6132832897,-1.545449879,-1.4767745455,-1.4076702474,-1.3387121024,-1.2706789552,-1.2045954994,-1.1417657381,-1.0837735084,-1.0322404728,-0.9847004246,-0.8667135083,-0.2537625772,0.0885745676,-0.6308394236,-0.9410638084,-1.0123563806,-1.0733532722,-1.1455391225,-1.2211992262,-1.2756046391,-1.2756046391,-1.2211992262,-1.1455391225,-1.0733532722,-1.0123563806,-0.9410638084,-0.6308394236,0.0885745676,-0.2537625772,-0.8667135083,-0.9847004246,-1.0322404728,-1.0837735084,-1.1417657381,-1.2045954994,-1.2706789552,-1.3387121024,-1.4076702474,-1.4767745455,-1.545449879,-1.6132832897,-1.6799872727,-1.7453693814,-1.8093080571,-1.8717339132],[-1.8666871569,-1.803914884,-1.7396032925,-1.6738222629,-1.6066955744,-1.5384205916,-1.4692938281,-1.3997432802,-1.3303677202,-1.2619815096,-1.1956604135,-1.1327783445,-1.0750034656,-1.0239087304,-0.973698008,-0.7954073807,-0.0594157803,-0.0785067722,-0.7883199648,-0.9743581207,-1.0396839638,-1.1175323859,-1.2211992262,-1.3517442355,-1.4758093217,-1.4758093217,-1.3517442355,-1.2211992262,-1.1175323859,-1.0396839638,-0.9743581207,-0.7883199648,-0.0785067722,-0.0594157803,-0.7954073807,-0.973698008,-1.0239087304,-1.0750034656,-1.1327783445,-1.1956604135,-1.2619815096,-1.3303677202,-1.3997432802,-1.4692938281,-1.5384205916,-1.6066955744,-1.6738222629,-1.7396032925,-1.803914884,-1.8666871569],[-1.8641535428,-1.8012067815,-1.7367073346,-1.6707253612,-1.6033858183,-1.5348886568,-1.4655351177,-1.395761089,-1.3261777702,-1.2576182117,-1.1911851011,-1.1282892226,-1.0706419496,-1.0197558437,-0.9672473168,-0.7466474637,0.0245821419,-0.1868361522,-0.8438502441,-0.9875057012,-1.0554964538,-1.1455391225,-1.2756046391,-1.4758093217,-1.8218652687,-1.8218652687,-1.4758093217,-1.2756046391,-1.1455391225,-1.0554964538,-0.9875057012,-0.8438502441,-0.1868361522,0.0245821419,-0.7466474637,-0.9672473168,-1.0197558437,-1.0706419496,-1.1282892226,-1.1911851011,-1.2576182117,-1.3261777702,-1.395761089,-1.4655351177,-1.5348886568,-1.6033858183,-1.6707253612,-1.7367073346,-1.8012067815,-1.8641535428],[-1.8641535428,-1.8012067815,-1.7367073346,-1.6707253612,-1.6033858183,-1.5348886568,-1.4655351177,-1.395761089,-1.3261777702,-1.2576182117,-1.1911851011,-1.1282892226,-1.0706419496,-1.0197558437,-0.9672473168,-0.7466474637,0.0245821419,-0.1868361522,-0.8438502441,-0.9875057012,-1.0554964538,-1.1455391225,-1.2756046391,-1.4758093217,-1.8218652687,-1.8218652687,-1.4758093217,-1.2756046391,-1.1455391225,-1.0554964538,-0.9875057012,-0.8438502441,-0.1868361522,0.0245821419,-0.7466474637,-0.9672473168,-1.0197558437,-1.0706419496,-1.1282892226,-1.1911851011,-1.2576182117,-1.3261777702,-1.395761089,-1.4655351177,-1.5348886568,-1.6033858183,-1.6707253612,-1.7367073346,-1.8012067815,-1.8641535428],[-1.8666871569,-1.803914884,-1.7396032925,-1.6738222629,-1.6066955744,-1.5384205916,-1.4692938281,-1.3997432802,-1.3303677202,-1.2619815096,-1.1956604135,-1.1327783445,-1.0750034656,-1.0239087304,-0.973698008,-0.7954073807,-0.0594157803,-0.0785067722,-0.7883199648,-0.9743581207,-1.0396839638,-1.1175323859,-1.2211992262,-1.3517442355,-1.4758093217,-1.4758093217,-1.3517442355,-1.2211992262,-1.1175323859,-1.0396839638,-0.9743581207,-0.7883199648,-0.0785067722,-0.0594157803,-0.7954073807,-0.973698008,-1.0239087304,-1.0750034656,-1.1327783445,-1.1956604135,-1.2619815096,-1.3303677202,-1.3997432802,-1.4692938281,-1.5384205916,-1.6066955744,-1.6738222629,-1.7396032925,-1.803914884,-1.8666871569],[-1.8717339132,-1.8093080571,-1.7453693814,-1.6799872727,-1.6132832897,-1.545449879,-1.4767745455,-1.4076702474,-1.3387121024,-1.2706789552,-1.2045954994,-1.1417657381,-1.0837735084,-1.0322404728,-0.9847004246,-0.8667135083,-0.2537625772,0.0885745676,-0.6308394236,-0.9410638084,-1.0123563806,-1.0733532722,-1.1455391225,-1.2211992262,-1.2756046391,-1.2756046391,-1.2211992262,-1.1455391225,-1.0733532722,-1.0123563806,-0.9410638084,-0.6308394236,0.0885745676,-0.2537625772,-0.8667135083,-0.9847004246,-1.0322404728,-1.0837735084,-1.1417657381,-1.2045954994,-1.2706789552,-1.3387121024,-1.4076702474,-1.4767745455,-1.545449879,-1.6132832897,-1.6799872727,-1.7453693814,-1.8093080571,-1.8717339132],[-1.8792533611,-1.8173408043,-1.7539545876,-1.6891635022,-1.6230860907,-1.5559080159,-1.4879043094,-1.4194671088,-1.3511388389,-1.2836493859,-1.2179532551,-1.1552585317,-1.0970299115,-1.0448616241,-0.9986664018,-0.9278523802,-0.5383564335,0.1352838903,-0.3025525353,-0.8438502441,-0.9743581207,-1.0254524954,-1.0733532722,-1.1175323859,-1.1455391225,-1.1455391225,-1.1175323859,-1.0733532722,-1.0254524954,-0.9743581207,-0.8438502441,-0.3025525353,0.1352838903,-0.5383564335,-0.9278523802,-0.9986664018,-1.0448616241,-1.0970299115,-1.1552585317,-1.2179532551,-1.2836493859,-1.3511388389,-1.4194671088,-1.4879043094,-1.5559080159,-1.6230860907,-1.6891635022,-1.7539545876,-1.8173408043,-1.8792533611],[-1.889186037,-1.8279462769,-1.765283969,-1.7012673505,-1.6360114688,-1.5696939387,-1.5025749101,-1.435021676,-1.3675377412,-1.300794918,-1.2356648072,-1.1732425742,-1.1148499432,-1.0619711132,-1.0156017165,-0.9672473168,-0.7954073807,-0.1541019218,0.0885745676,-0.5301591142,-0.8859727022,-0.9743581207,-1.0123563806,-1.0396839638,-1.0554964538,-1.0554964538,-1.0396839638,-1.0123563806,-0.9743581207,-0.8859727022,-0.5301591142,0.0885745676,-0.1541019218,-0.7954073807,-0.9672473168,-1.0156017165,-1.0619711132,-1.1148499432,-1.1732425742,-1.2356648072,-1.300794918,-1.3675377412,-1.435021676,-1.5025749101,-1.5696939387,-1.6360114688,-1.7012673505,-1.765283969,-1.8279462769,-1.889186037],[-1.9014548619,-1.841037887,-1.7792604884,-1.7161905348,-1.6519394356,-1.5866761397,-1.520644643,-1.4541852567,-1.3877593363,-1.3219760865,-1.2576182117,-1.1956604135,-1.1372707748,-1.0837735084,-1.0364286116,-0.9942165161,-0.9278523802,-0.6181945695,0.0245821419,0.0155412131,-0.5301591142,-0.8438502441,-0.9410638084,-0.9743581207,-0.9875057012,-0.9875057012,-0.9743581207,-0.9410638084,-0.8438502441,-0.5301591142,0.0155412131,0.0245821419,-0.6181945695,-0.9278523802,-0.9942165161,-1.0364286116,-1.0837735084,-1.1372707748,-1.1956604135,-1.2576182117,-1.3219760865,-1.3877593363,-1.4541852567,-1.520644643,-1.5866761397,-1.6519394356,-1.7161905348,-1.7792604884,-1.841037887,-1.9014548619],[-1.9159669135,-1.8565113571,-1.7957673534,-1.7338027104,-1.6707253612,-1.6066955744,-1.5419409844,-1.4767745455,-1.4116150139,-1.3470086555,-1.2836493859,-1.2223923932,-1.1642535344,-1.1103824531,-1.0619711132,-1.0197558437,-0.9794515882,-0.8919203449,-0.5383564335,0.0245821419,0.0885745676,-0.3025525353,-0.6308394236,-0.7883199648,-0.8438502441,-0.8438502441,-0.7883199648,-0.6308394236,-0.3025525353,0.0885745676,0.0245821419,-0.5383564335,-0.8919203449,-0.9794515882,-1.0197558437,-1.0619711132,-1.1103824531,-1.1642535344,-1.2223923932,-1.2836493859,-1.3470086555,-1.4116150139,-1.4767745455,-1.5419409844,-1.6066955744,-1.6707253612,-1.7338027104,-1.7957673534,-1.8565113571,-1.9159669135],[-1.9326154988,-1.8742471213,-1.8146707735,-1.7539545876,-1.6922034213,-1.6295693373,-1.5662642775,-1.5025749101,-1.4388791994,-1.3756635074,-1.3135378709,-1.2532454763,-1.1956604135,-1.1417657381,-1.092599036,-1.0491085054,-1.0114349454,-0.973698008,-0.8919203449,-0.6181945695,-0.1541019218,0.1352838903,0.0885745676,-0.0785067722,-0.1868361522,-0.1868361522,-0.0785067722,0.0885745676,0.1352838903,-0.1541019218,-0.6181945695,-0.8919203449,-0.973698008,-1.0114349454,-1.0491085054,-1.092599036,-1.1417657381,-1.1956604135,-1.2532454763,-1.3135378709,-1.3756635074,-1.4388791994,-1.5025749101,-1.5662642775,-1.6295693373,-1.6922034213,-1.7539545876,-1.8146707735,-1.8742471213,-1.9326154988],[-1.951282444,-1.894112982,-1.8358230215,-1.7764814295,-1.7161905348,-1.6550950064,-1.5933923818,-1.5313451371,-1.4692938281,-1.4076702474,-1.3470086555,-1.2879519721,-1.2312484786,-1.1777334328,-1.1282892226,-1.0837735084,-1.0448616241,-1.0114349454,-0.9794515882,-0.9278523802,-0.7954073807,-0.5383564335,-0.2537625772,-0.0594157803,0.0245821419,0.0245821419,-0.0594157803,-0.2537625772,-0.5383564335,-0.7954073807,-0.9278523802,-0.9794515882,-1.0114349454,-1.0448616241,-1.0837735084,-1.1282892226,-1.1777334328,-1.2312484786,-1.2879519721,-1.3470086555,-1.4076702474,-1.4692938281,-1.5313451371,-1.5933923818,-1.6550950064,-1.7161905348,-1.7764814295,-1.8358230215,-1.894112982,-1.951282444],[-1.9718405107,-1.9159669135,-1.8590656765,-1.8012067815,-1.7424906272,-1.6830554741,-1.6230860907,-1.5628234339,-1.5025749101,-1.4427243019,-1.3837398018,-1.3261777702,-1.2706789552,-1.2179532551,-1.168749091,-1.1238042166,-1.0837735084,-1.0491085054,-1.0197558437,-0.9942165161,-0.9672473168,-0.9278523802,-0.8667135083,-0.7954073807,-0.7466474637,-0.7466474637,-0.7954073807,-0.8667135083,-0.9278523802,-0.9672473168,-0.9942165161,-1.0197558437,-1.0491085054,-1.0837735084,-1.1238042166,-1.168749091,-1.2179532551,-1.2706789552,-1.3261777702,-1.3837398018,-1.4427243019,-1.5025749101,-1.5628234339,-1.6230860934,-1.6830554741,-1.7424906272,-1.8012067815,-1.8590656765,-1.9159669135,-1.9718405107],[-1.9941558484,-1.9396599049,-1.8842329144,-1.8279462769,-1.7708990253,-1.7132240237,-1.6550950064,-1.5967342699,-1.5384205916,-1.4804966109,-1.423374443,-1.3675377412,-1.3135378709,-1.2619815096,-1.2135071581,-1.168749091,-1.1282892226,-1.092599036,-1.0619711132,-1.0364286116,-1.0156017165,-0.9986664018,-0.9847004246,-0.973698008,-0.9672473168,-0.9672473168,-0.973698008,-0.9847004246,-0.9986664018,-1.0156017165,-1.0364286116,-1.0619711132,-1.092599036,-1.1282892226,-1.168749091,-1.2135071581,-1.2619815096,-1.3135378709,-1.3675377412,-1.423374443,-1.4804966109,-1.5384205916,-1.5967342699,-1.6550950064,-1.7132240237,-1.7708990253,-1.8279462769,-1.8842329142,-1.9396599049,-1.9941558484],[-2.018090397,-1.9650387368,-1.9111547198,-1.8565113571,-1.8012067815,-1.7453693814,-1.6891635022,-1.6327955184,-1.5765198998,-1.520644643,-1.4655351177,-1.4116150139,-1.3593627486,-1.3093015311,-1.2619815096,-1.2179532551,-1.1777334328,-1.1417657381,-1.1103824531,-1.0837735084,-1.0619711132,-1.0448616241,-1.0322404728,-1.0239087304,-1.0197558437,-1.0197558437,-1.0239087304,-1.0322404728,-1.0448616241,-1.0619711132,-1.0837735084,-1.1103824531,-1.1417657381,-1.1777334328,-1.2179532551,-1.2619815096,-1.3093015311,-1.3593627486,-1.4116150139,-1.4655351177,-1.520644643,-1.5765198998,-1.6327955184,-1.6891635022,-1.7453693814,-1.8012067815,-1.8565113571,-1.9111547198,-1.9650387368,-2.018090397],[-2.0435041649,-1.9919486011,-1.9396599049,-1.8867127636,-1.8332047352,-1.7792604884,-1.7250364059,-1.6707253612,-1.6165613449,-1.5628234339,-1.5098383792,-1.4579808573,-1.4076702474,-1.3593627486,-1.3135378709,-1.2706789552,-1.2312484786,-1.1956604135,-1.1642535344,-1.1372707748,-1.1148499432,-1.0970299115,-1.0837735084,-1.0750034656,-1.0706419496,-1.0706419496,-1.0750034656,-1.0837735084,-1.0970299115,-1.1148499432,-1.1372707748,-1.1642535344,-1.1956604135,-1.2312484786,-1.2706789552,-1.3135378709,-1.3593627486,-1.4076702474,-1.4579808573,-1.5098383792,-1.5628234339,-1.6165613449,-1.6707253612,-1.7250364059,-1.7792604884,-1.8332047352,-1.8867127636,-1.9396599049,-1.9919486011,-2.0435041649],[-2.0702573184,-2.0202354861,-1.969578841,-1.9183636805,-1.8666871569,-1.8146707735,-1.7624640942,-1.7102484945,-1.6582406807,-1.6066955744,-1.5559080159,-1.5062125998,-1.4579808573,-1.4116150139,-1.3675377412,-1.3261777702,-1.2879519721,-1.2532454763,-1.2223923932,-1.1956604135,-1.1732425742,-1.1552585317,-1.1417657381,-1.1327783445,-1.1282892226,-1.1282892226,-1.1327783445,-1.1417657381,-1.1552585317,-1.1732425742,-1.1956604135,-1.2223923932,-1.2532454763,-1.2879519721,-1.3261777702,-1.3675377412,-1.4116150139,-1.4579808573,-1.5062125998,-1.5559080159,-1.6066955744,-1.6582406807,-1.7102484945,-1.7624640942,-1.8146707735,-1.8666871569,-1.9183636805,-1.969578841,-2.0202354861,-2.0702573184],[-2.0982120381,-2.0497482751,-2.0007458366,-1.951282444,-1.9014548619,-1.8513817765,-1.8012067815,-1.7511013193,-1.7012673505,-1.6519394356,-1.6033858183,-1.5559080159,-1.5098383792,-1.4655351177,-1.423374443,-1.3837398018,-1.3470086555,-1.3135378709,-1.2836493859,-1.2576182117,-1.2356648072,-1.2179532551,-1.2045954994,-1.1956604135,-1.1911851011,-1.1911851011,-1.1956604135,-1.2045954994,-1.2179532551,-1.2356648072,-1.2576182117,-1.2836493859,-1.3135378709,-1.3470086555,-1.3837398018,-1.423374443,-1.4655351177,-1.5098383792,-1.5559080159,-1.6033858183,-1.6519394356,-1.7012673505,-1.7511013193,-1.8012067815,-1.8513817765,-1.9014548619,-1.951282444,-2.0007458366,-2.0497482751,-2.0982120381],[-2.1272341113,-2.0803405211,-2.0330011209,-1.9852947702,-1.9373177316,-1.889186037,-1.841037887,-1.7930359507,-1.7453693814,-1.6982552997,-1.6519394356,-1.6066955744,-1.5628234339,-1.520644643,-1.4804966109,-1.4427243019,-1.4076702474,-1.3756635074,-1.3470086555,-1.3219760865,-1.300794918,-1.2836493859,-1.2706789552,-1.2619815096,-1.2576182117,-1.2576182117,-1.2619815096,-1.2706789552,-1.2836493859,-1.300794918,-1.3219760865,-1.3470086555,-1.3756635074,-1.4076702474,-1.4427243019,-1.4804966109,-1.520644643,-1.5628234339,-1.6066955744,-1.6519394356,-1.6982552997,-1.7453693814,-1.7930359507,-1.841037887,-1.889186037,-1.9373177316,-1.9852947705,-2.0330011209,-2.0803405211,-2.1272341113],[-2.157194248,-2.1118718865,-2.0661924205,-2.0202354861,-1.9740966263,-1.9278892309,-1.8817464575,-1.8358230215,-1.7902967037,-1.7453693814,-1.7012673505,-1.6582406807,-1.6165613449,-1.5765198998,-1.5384205916,-1.5025749101,-1.4692938281,-1.4388791994,-1.4116150139,-1.3877593363,-1.3675377412,-1.3511388389,-1.3387121024,-1.3303677202,-1.3261777702,-1.3261777702,-1.3303677202,-1.3387121024,-1.3511388389,-1.3675377412,-1.3877593363,-1.4116150139,-1.4388791994,-1.4692938281,-1.5025749101,-1.5384205916,-1.5765198998,-1.6165613449,-1.6582406807,-1.7012673505,-1.7453693814,-1.7902967037,-1.8358230215,-1.8817464575,-1.9278892309,-1.9740966263,-2.0202354861,-2.0661924205,-2.1118718865,-2.157194248],[-2.1879691192,-2.1442092508,-2.1001761365,-2.0559497797,-2.0116247151,-1.9673115916,-1.9231387013,-1.8792533611,-1.8358230215,-1.7930359507,-1.7511013193,-1.7102484945,-1.6707253612,-1.6327955184,-1.5967342699,-1.5628234339,-1.5313451371,-1.5025749101,-1.4767745455,-1.4541852567,-1.435021676,-1.4194671088,-1.4076702474,-1.3997432802,-1.395761089,-1.395761089,-1.3997432802,-1.4076702474,-1.4194671088,-1.435021676,-1.4541852567,-1.4767745455,-1.5025749101,-1.5313451371,-1.5628234339,-1.5967342699,-1.6327955184,-1.6707253612,-1.7102484945,-1.7511013193,-1.7930359507,-1.8358230215,-1.8792533611,-1.9231387013,-1.9673115916,-2.0116247151,-2.0559497797,-2.1001761365,-2.1442092508,-2.1879691192],[-2.2194421322,-2.1772275049,-2.1348181504,-2.0922940081,-2.0497482751,-2.0072886894,-1.9650387368,-1.9231387013,-1.8817464575,-1.841037887,-1.8012067815,-1.7624640942,-1.7250364059,-1.6891635022,-1.6550950064,-1.6230860907,-1.5933923818,-1.5662642775,-1.5419409844,-1.520644643,-1.5025749101,-1.4879043094,-1.4767745455,-1.4692938281,-1.4655351177,-1.4655351177,-1.4692938281,-1.4767745455,-1.4879043094,-1.5025749101,-1.520644643,-1.5419409844,-1.5662642775,-1.5933923818,-1.6230860907,-1.6550950064,-1.6891635022,-1.7250364059,-1.7624640942,-1.8012067815,-1.841037887,-1.8817464575,-1.9231387013,-1.9650387368,-2.0072886894,-2.0497482751,-2.0922940081,-2.1348181504,-2.1772275049,-2.2194421322],[-2.2515039607,-2.2108100615,-2.1699942979,-2.1291361147,-2.0883270301,-2.0476716662,-2.0072886894,-1.9673115916,-1.9278892309,-1.889186037,-1.8513817765,-1.8146707735,-1.7792604884,-1.7453693814,-1.7132240237,-1.6830554741,-1.6550950064,-1.6295693373,-1.6066955744,-1.5866761397,-1.5696939387,-1.5559080159,-1.545449879,-1.5384205916,-1.5348886568,-1.5348886568,-1.5384205916,-1.545449879,-1.5559080159,-1.5696939387,-1.5866761397,-1.6066955744,-1.6295693373,-1.6550950064,-1.6830554741,-1.7132240237,-1.7453693814,-1.7792604884,-1.8146707735,-1.8513817765,-1.889186037,-1.9278892309,-1.9673115916,-2.0072886894,-2.0476716662,-2.0883270301,-2.1291361147,-2.1699942979,-2.2108100615,-2.2515039607],[-2.2840528593,-2.244849115,-2.2055905552,-2.166355718,-2.1272341113,-2.0883270301,-2.0497482751,-2.0116247151,-1.9740966263,-1.9373177316,-1.9014548619,-1.8666871569,-1.8332047352,-1.8012067815,-1.7708990253,-1.7424906272,-1.7161905348,-1.6922034213,-1.6707253612,-1.6519394356,-1.6360114688,-1.6230860907,-1.6132832897,-1.6066955744,-1.6033858183,-1.6033858183,-1.6066955744,-1.6132832897,-1.6230860907,-1.6360114688,-1.6519394356,-1.6707253612,-1.6922034213,-1.7161905348,-1.7424906272,-1.7708990253,-1.8012067815,-1.8332047352,-1.8666871569,-1.9014548619,-1.9373177316,-1.9740966263,-2.0116247151,-2.0497482751,-2.0883270301,-2.1272341113,-2.166355718,-2.2055905552,-2.244849115,-2.2840528593],[-2.31699479,-2.2792456924,-2.2415029893,-2.2038439334,-2.166355718,-2.1291361147,-2.0922940081,-2.0559497797,-2.0202354861,-1.9852947702,-1.951282444,-1.9183636805,-1.8867127636,-1.8565113571,-1.8279462768,-1.8012067815,-1.7764814295,-1.7539545876,-1.7338027104,-1.7161905348,-1.7012673505,-1.6891635022,-1.6799872727,-1.6738222629,-1.6707253612,-1.6707253612,-1.6738222629,-1.6799872727,-1.6891635022,-1.7012673505,-1.7161905348,-1.7338027104,-1.7539545876,-1.7764814295,-1.8012067815,-1.8279462768,-1.8565113571,-1.8867127636,-1.9183636805,-1.951282444,-1.9852947702,-2.0202354861,-2.0559497797,-2.0922940081,-2.1291361147,-2.166355718,-2.2038439334,-2.2415029893,-2.2792456924,-2.31699479],[-2.3502433929,-2.3139095299,-2.2776375184,-2.2415029893,-2.2055905552,-2.1699942979,-2.1348181504,-2.1001761365,-2.0661924205,-2.0330011209,-2.0007458366,-1.969578841,-1.9396599049,-1.9111547198,-1.8842329144,-1.8590656765,-1.8358230215,-1.8146707735,-1.7957673534,-1.7792604884,-1.765283969,-1.7539545876,-1.7453693814,-1.7396032925,-1.7367073346,-1.7367073346,-1.7396032925,-1.7453693814,-1.7539545876,-1.765283969,-1.7792604884,-1.7957673534,-1.8146707735,-1.8358230215,-1.8590656765,-1.8842329144,-1.9111547198,-1.9396599049,-1.969578841,-2.0007458366,-2.0330011209,-2.0661924205,-2.1001761365,-2.1348181504,-2.1699942979,-2.2055905552,-2.2415029893,-2.2776375184,-2.3139095299,-2.3502433929],[-2.3837198301,-2.3487588157,-2.3139095299,-2.2792456924,-2.244849115,-2.2108100615,-2.1772275049,-2.1442092508,-2.1118718865,-2.0803405211,-2.0497482751,-2.0202354861,-1.9919486011,-1.9650387368,-1.9396599049,-1.9159669135,-1.894112982,-1.8742471213,-1.8565113571,-1.841037887,-1.8279462769,-1.8173408043,-1.8093080571,-1.803914884,-1.8012067815,-1.8012067815,-1.803914884,-1.8093080571,-1.8173408043,-1.8279462769,-1.841037887,-1.8565113571,-1.8742471213,-1.894112982,-1.9159669135,-1.9396599049,-1.9650387368,-1.9919486011,-2.0202354861,-2.0497482751,-2.0803405211,-2.1118718865,-2.1442092508,-2.1772275049,-2.2108100615,-2.244849115,-2.2792456924,-2.3139095299,-2.3487588157,-2.3837198307],[-2.4173525322,-2.3837198301,-2.3502433929,-2.31699479,-2.2840528593,-2.2515039607,-2.2194421322,-2.1879691192,-2.157194248,-2.1272341113,-2.0982120381,-2.0702573184,-2.0435041649,-2.018090397,-1.9941558484,-1.9718405107,-1.951282444,-1.9326154988,-1.9159669135,-1.9014548619,-1.889186037,-1.8792533611,-1.8717339132,-1.8666871569,-1.8641535428,-1.8641535428,-1.8666871569,-1.8717339132,-1.8792533611,-1.889186037,-1.9014548619,-1.9159669135,-1.9326154988,-1.951282444,-1.9718405107,-1.9941558484,-2.018090397,-2.0435041649,-2.0702573184,-2.0982120381,-2.1272341113,-2.157194248,-2.1879691192,-2.2194421322,-2.2515039607,-2.2840528593,-2.31699479,-2.3502433929,-2.3837198301,-2.4173525318]]}