{"columns":[0,1,2,3,4,5,6,7,8,9,10,11,12,13,14,15,16,17,18,19,20,21,22,23,24,25,26,27,28,29,30,31,32,33,34,35,36,37,38,39,40,41,42,43,44,45,46,47,48,49],"index":[0,1,2,3,4,5,6,7,8,9,10,11,12,13,14,15,16,17,18,19,20,21,22,23,24,25,26,27,28,29,30,31,32,33,34,35,36,37,38,39,40,41,42,43,44,45,46,47,48,49],"data":[[-1.2504756368,-1.2248697505,-1.1993590184,-1.1739966615,-1.1488415946,-1.1239586838,-1.0994189394,-1.0752996217,-1.0516842339,-1.0286623783,-1.0063294449,-0.9847861097,-0.9641376154,-0.9444928192,-0.9259629938,-0.9086603851,-0.8926965368,-0.8781804128,-0.8652163612,-0.8539019819,-0.8443259738,-0.8365660464,-0.8306869905,-0.8267389987,-0.8247563199,-0.8247563199,-0.8267389987,-0.8306869905,-0.8365660464,-0.8443259738,-0.8539019819,-0.8652163612,-0.8781804128,-0.8926965368,-0.9086603851,-0.9259629938,-0.9444928192,-0.9641376154,-0.9847861097,-1.0063294449,-1.0286623783,-1.0516842339,-1.0752996217,-1.0994189394,-1.1239586838,-1.1488415946,-1.1739966615,-1.1993590184,-1.2248697505,-1.2504756368],[-1.2248697505,-1.1982271184,-1.1716418548,-1.1451684201,-1.1188675948,-1.092806832,-1.0670605466,-1.0417103153,-1.0168449575,-0.9925604653,-0.9689597462,-0.9461521467,-0.9242527214,-0.9033812235,-0.883660796,-0.8652163612,-0.8481727162,-0.8326523681,-0.8187731578,-0.8066457461,-0.7963710546,-0.7880377669,-0.7817200069,-0.7774753082,-0.7753429837,-0.7753429837,-0.7774753082,-0.7817200069,-0.7880377669,-0.7963710546,-0.8066457461,-0.8187731578,-0.8326523681,-0.8481727162,-0.8652163612,-0.883660796,-0.9033812235,-0.9242527214,-0.9461521467,-0.9689597462,-0.9925604653,-1.0168449575,-1.0417103153,-1.0670605466,-1.092806832,-1.1188675948,-1.1451684201,-1.1716418548,-1.1982271184,-1.2248697505],[-1.1993590184,-1.1716418548,-1.1439394718,-1.1163072649,-1.0888076137,-1.0615103474,-1.0344931511,-1.0078418836,-0.9816507714,-0.9560224387,-0.9310677299,-0.9069052812,-0.883660796,-0.8614659886,-0.8404571654,-0.8207734325,-0.8025545363,-0.785938367,-0.7710581851,-0.7580396562,-0.7469978061,-0.7380340276,-0.7312332844,-0.7266616559,-0.7243643587,-0.7243643587,-0.7266616559,-0.7312332844,-0.7380340276,-0.7469978061,-0.7580396562,-0.7710581851,-0.785938367,-0.8025545363,-0.8207734325,-0.8404571654,-0.8614659886,-0.883660796,-0.9069052812,-0.9310677299,-0.9560224387,-0.9816507714,-1.0078418836,-1.0344931511,-1.0615103474,-1.0888076137,-1.1163072649,-1.1439394718,-1.1716418548,-1.1993590184],[-1.1739966615,-1.1451684201,-1.1163072649,-1.0874691519,-1.058717718,-1.0301248795,-1.001771379,-0.9737472486,-0.9461521467,-0.9190955197,-0.8926965368,-0.8670837385,-0.842394343,-0.8187731578,-0.7963710546,-0.7753429837,-0.755845528,-0.7380340276,-0.7220593416,-0.7080643487,-0.6961803234,-0.6865233505,-0.6791909581,-0.6742591498,-0.6717800078,-0.6717800078,-0.6742591498,-0.6791909581,-0.6865233505,-0.6961803234,-0.7080643487,-0.7220593416,-0.7380340276,-0.755845528,-0.7753429837,-0.7963710546,-0.8187731578,-0.842394343,-0.8670837385,-0.8926965368,-0.9190955197,-0.9461521467,-0.9737472486,-1.001771379,-1.0301248795,-1.058717718,-1.0874691519,-1.1163072649,-1.1451684201,-1.1739966615],[-1.1488415946,-1.1188675948,-1.0888076137,-1.058717718,-1.0286623783,-0.9987152215,-0.9689597462,-0.9394899619,-0.9104109036,-0.8818389647,-0.8539019819,-0.8267389987,-0.800499634,-0.7753429837,-0.7514359961,-0.7289512818,-0.7080643487,-0.6889502909,-0.6717800078,-0.656716074,-0.6439084274,-0.6334900776,-0.6255730573,-0.6202448452,-0.6175654691,-0.6175654691,-0.6202448452,-0.6255730573,-0.6334900776,-0.6439084274,-0.656716074,-0.6717800078,-0.6889502909,-0.7080643487,-0.7289512818,-0.7514359961,-0.7753429837,-0.800499634,-0.8267389987,-0.8539019819,-0.8818389647,-0.9104109036,-0.9394899619,-0.9689597462,-0.9987152215,-1.0286623783,-1.058717718,-1.0888076137,-1.1188675948,-1.1488415946],[-1.1239586838,-1.092806832,-1.0615103474,-1.0301248795,-0.9987152215,-0.967356241,-0.9361337925,-0.9051455685,-0.8745018336,-0.8443259738,-0.8147547787,-0.785938367,-0.7580396562,-0.7312332844,-0.7057038969,-0.6816437408,-0.6592495425,-0.6387186958,-0.6202448452,-0.6040130118,-0.5901944675,-0.5789416072,-0.5703830992,-0.5646195911,-0.5617202338,-0.5617202338,-0.5646195911,-0.5703830992,-0.5789416072,-0.5901944675,-0.6040130118,-0.6202448452,-0.6387186958,-0.6592495425,-0.6816437408,-0.7057038969,-0.7312332844,-0.7580396562,-0.785938367,-0.8147547787,-0.8443259738,-0.8745018336,-0.9051455685,-0.9361337925,-0.967356241,-0.9987152215,-1.0301248795,-1.0615103474,-1.092806832,-1.1239586838],[-1.0994189394,-1.0670605466,-1.0344931511,-1.001771379,-0.9689597462,-0.9361337925,-0.9033812235,-0.8708030142,-0.8385144101,-0.8066457461,-0.7753429837,-0.7447678537,-0.715097479,-0.6865233505,-0.6592495425,-0.6334900776,-0.6094654018,-0.5873979904,-0.5675071846,-0.5500034388,-0.5350822356,-0.5229179818,-0.5136582304,-0.5074185698,-0.5042784924,-0.5042784924,-0.5074185698,-0.5136582304,-0.5229179818,-0.5350822356,-0.5500034388,-0.5675071846,-0.5873979904,-0.6094654018,-0.6334900776,-0.6592495425,-0.6865233505,-0.715097479,-0.7447678537,-0.7753429837,-0.8066457461,-0.8385144101,-0.8708030142,-0.9033812235,-0.9361337925,-0.9689597462,-1.001771379,-1.0344931511,-1.0670605466,-1.0994189394],[-1.0752996217,-1.0417103153,-1.0078418836,-0.9737472486,-0.9394899619,-0.9051455685,-0.8708030142,-0.8365660463,-0.8025545363,-0.7689056303,-0.7357746102,-0.7033353213,-0.6717800078,-0.6413183891,-0.6121758198,-0.5845904079,-0.5588090267,-0.5350822356,-0.5136582304,-0.4947760516,-0.4786583756,-0.4655042856,-0.4554824481,-0.4487251077,-0.445323256,-0.445323256,-0.4487251077,-0.4554824481,-0.4655042856,-0.4786583756,-0.4947760516,-0.5136582304,-0.5350822356,-0.5588090267,-0.5845904079,-0.6121758198,-0.6413183891,-0.6717800078,-0.7033353213,-0.7357746102,-0.7689056303,-0.8025545363,-0.8365660463,-0.8708030142,-0.9051455685,-0.9394899619,-0.9737472486,-1.0078418836,-1.0417103153,-1.0752996217],[-1.0516842339,-1.0168449575,-0.9816507714,-0.9461521467,-0.9104109036,-0.8745018336,-0.8385144101,-0.8025545363,-0.7667462508,-0.7312332844,-0.6961803234,-0.6617738041,-0.6282220343,-0.5957544208,-0.5646195911,-0.5350822356,-0.5074185698,-0.4819104323,-0.4588381689,-0.4384726026,-0.4210665154,-0.4068461493,-0.3960032535,-0.3886881591,-0.3850042742,-0.3850042742,-0.3886881591,-0.3960032535,-0.4068461493,-0.4210665154,-0.4384726026,-0.4588381689,-0.4819104323,-0.5074185698,-0.5350822356,-0.5646195911,-0.5957544208,-0.6282220343,-0.6617738041,-0.6961803234,-0.7312332844,-0.7667462508,-0.8025545363,-0.8385144101,-0.8745018336,-0.9104109036,-0.9461521467,-0.9816507714,-1.0168449575,-1.0516842339],[-1.0286623783,-0.9925604653,-0.9560224387,-0.9190955197,-0.8818389647,-0.8443259738,-0.8066457461,-0.7689056303,-0.7312332844,-0.6937787221,-0.656716074,-0.6202448452,-0.5845904079,-0.5500034388,-0.5167580139,-0.4851481211,-0.4554824481,-0.4280774608,-0.4032489786,-0.3813026564,-0.3625239468,-0.3471682069,-0.3354515989,-0.3275433322,-0.3235596285,-0.3235596285,-0.3275433322,-0.3354515989,-0.3471682069,-0.3625239468,-0.3813026564,-0.4032489786,-0.4280774608,-0.4554824481,-0.4851481211,-0.5167580139,-0.5500034388,-0.5845904079,-0.6202448452,-0.656716074,-0.6937787221,-0.7312332844,-0.7689056303,-0.8066457461,-0.8443259738,-0.8818389647,-0.9190955197,-0.9560224387,-0.9925604653,-1.0286623783],[-1.0063294449,-0.9689597462,-0.9310677299,-0.8926965368,-0.8539019819,-0.8147547787,-0.7753429837,-0.7357746102,-0.6961803234,-0.656716074,-0.6175654691,-0.5789416072,-0.5410880422,-0.5042784924,-0.4688149082,-0.4350235635,-0.4032489786,-0.3738456951,-0.3471682069,-0.3235596285,-0.3033399036,-0.2867944386,-0.2741639653,-0.2656362178,-0.2613397174,-0.2613397174,-0.2656362178,-0.2741639653,-0.2867944386,-0.3033399036,-0.3235596285,-0.3471682069,-0.3738456951,-0.4032489786,-0.4350235635,-0.4688149082,-0.5042784924,-0.5410880422,-0.5789416072,-0.6175654691,-0.656716074,-0.6961803234,-0.7357746102,-0.7753429837,-0.8147547787,-0.8539019819,-0.8926965368,-0.9310677299,-0.9689597462,-1.0063294449],[-0.9847861097,-0.9461521467,-0.9069052812,-0.8670837385,-0.8267389987,-0.785938367,-0.7447678537,-0.7033353213,-0.6617738041,-0.6202448452,-0.5789416072,-0.5380914209,-0.4979573361,-0.4588381689,-0.4210665154,-0.3850042742,-0.3510354127,-0.3195560278,-0.2909621589,-0.2656362178,-0.2439331834,-0.2261677723,-0.2126035764,-0.2034447318,-0.198830175,-0.198830175,-0.2034447318,-0.2126035764,-0.2261677723,-0.2439331834,-0.2656362178,-0.2909621589,-0.3195560278,-0.3510354127,-0.3850042742,-0.4210665154,-0.4588381689,-0.4979573361,-0.5380914209,-0.5789416072,-0.6202448452,-0.6617738041,-0.7033353213,-0.7447678537,-0.785938367,-0.8267389987,-0.8670837385,-0.9069052812,-0.9461521467,-0.9847861097],[-0.9641376154,-0.9242527214,-0.883660796,-0.842394343,-0.800499634,-0.7580396562,-0.715097479,-0.6717800078,-0.6282220343,-0.5845904079,-0.5410880422,-0.4979573361,-0.4554824481,-0.4139897438,-0.3738456951,-0.3354515989,-0.2992347552,-0.2656362178,-0.2350958279,-0.2080358309,-0.1848447596,-0.1658633045,-0.1513734816,-0.1415915037,-0.1366636144,-0.1366636144,-0.1415915037,-0.1513734816,-0.1658633045,-0.1848447596,-0.2080358309,-0.2350958279,-0.2656362178,-0.2992347552,-0.3354515989,-0.3738456951,-0.4139897438,-0.4554824481,-0.4979573361,-0.5410880422,-0.5845904079,-0.6282220343,-0.6717800078,-0.715097479,-0.7580396562,-0.800499634,-0.842394343,-0.883660796,-0.9242527214,-0.9641376154],[-0.9444928192,-0.9033812235,-0.8614659886,-0.8187731578,-0.7753429837,-0.7312332844,-0.6865233505,-0.6413183891,-0.5957544208,-0.5500034388,-0.5042784924,-0.4588381689,-0.4139897438,-0.3700900866,-0.3275433322,-0.2867944386,-0.2483181518,-0.2126035764,-0.1801353873,-0.1513734816,-0.126733499,-0.106571565,-0.0911773684,-0.0807762524,-0.0755309747,-0.0755309747,-0.0807762524,-0.0911773684,-0.106571565,-0.126733499,-0.1513734816,-0.1801353873,-0.2126035764,-0.2483181518,-0.2867944386,-0.3275433322,-0.3700900866,-0.4139897438,-0.4588381689,-0.5042784924,-0.5500034388,-0.5957544208,-0.6413183891,-0.6865233505,-0.7312332844,-0.7753429837,-0.8187731578,-0.8614659886,-0.9033812235,-0.9444928192],[-0.9259629938,-0.883660796,-0.8404571654,-0.7963710546,-0.7514359961,-0.7057038969,-0.6592495425,-0.6121758198,-0.5646195911,-0.5167580139,-0.4688149082,-0.4210665154,-0.3738456951,-0.3275433322,-0.2826055893,-0.239525783,-0.198830175,-0.1610576688,-0.126733499,-0.0963356319,-0.0702535777,-0.0487591633,-0.0320536121,-0.0204324824,-0.0143934835,-0.0143934835,-0.0204324824,-0.0320536121,-0.0487591633,-0.0702535777,-0.0963356319,-0.126733499,-0.1610576688,-0.198830175,-0.239525783,-0.2826055893,-0.3275433322,-0.3738456951,-0.4210665154,-0.4688149082,-0.5167580139,-0.5646195911,-0.6121758198,-0.6592495425,-0.7057038969,-0.7514359961,-0.7963710546,-0.8404571654,-0.883660796,-0.9259629938],[-0.9086603851,-0.8652163612,-0.8207734325,-0.7753429837,-0.7289512818,-0.6816437408,-0.6334900776,-0.5845904079,-0.5350822356,-0.4851481211,-0.4350235635,-0.3850042742,-0.3354515989,-0.2867944386,-0.239525783,-0.1941920592,-0.1513734816,-0.1116502852,-0.0755309747,-0.0432625179,-0.0143934835,0.0127113648,0.0400187214,0.0661244493,0.0834183703,0.0834183703,0.0661244493,0.0400187214,0.0127113648,-0.0143934835,-0.0432625179,-0.0755309747,-0.1116502852,-0.1513734816,-0.1941920592,-0.239525783,-0.2867944386,-0.3354515989,-0.3850042742,-0.4350235635,-0.4851481211,-0.5350822356,-0.5845904079,-0.6334900776,-0.6816437408,-0.7289512818,-0.7753429837,-0.8207734325,-0.8652163612,-0.9086603851],[-0.8926965368,-0.8481727162,-0.8025545363,-0.755845528,-0.7080643487,-0.6592495425,-0.6094654018,-0.5588090267,-0.5074185698,-0.4554824481,-0.4032489786,-0.3510354127,-0.2992347552,-0.2483181518,-0.198830175,-0.1513734816,-0.106571565,-0.0649415973,-0.0263070707,0.0127113648,0.0661244493,0.1666007603,0.3419206183,0.5591018356,0.7203840597,0.7203840597,0.5591018356,0.3419206183,0.1666007603,0.0661244493,0.0127113648,-0.0263070707,-0.0649415973,-0.106571565,-0.1513734816,-0.198830175,-0.2483181518,-0.2992347552,-0.3510354127,-0.4032489786,-0.4554824481,-0.5074185698,-0.5588090267,-0.6094654018,-0.6592495425,-0.7080643487,-0.755845528,-0.8025545363,-0.8481727162,-0.8926965368],[-0.8781804128,-0.8326523681,-0.785938367,-0.7380340276,-0.6889502909,-0.6387186958,-0.5873979904,-0.5350822356,-0.4819104323,-0.4280774608,-0.3738456951,-0.3195560278,-0.2656362178,-0.2126035764,-0.1610576688,-0.1116502852,-0.0649415973,-0.0204324824,0.0297882184,0.1320083187,0.4366738682,1.3188255383,1.1262688825,0.9438638719,0.9006173434,0.9006173434,0.9438638719,1.1262688825,1.3188255383,0.4366738682,0.1320083187,0.0297882184,-0.0204324824,-0.0649415973,-0.1116502852,-0.1610576688,-0.2126035764,-0.2656362178,-0.3195560278,-0.3738456951,-0.4280774608,-0.4819104323,-0.5350822356,-0.5873979904,-0.6387186958,-0.6889502909,-0.7380340276,-0.785938367,-0.8326523681,-0.8781804128],[-0.8652163612,-0.8187731578,-0.7710581851,-0.7220593416,-0.6717800078,-0.6202448452,-0.5675071846,-0.5136582304,-0.4588381689,-0.4032489786,-0.3471682069,-0.2909621589,-0.2350958279,-0.1801353873,-0.126733499,-0.0755309747,-0.0263070707,0.0297882184,0.1666007603,0.7203840597,1.1262688825,0.8721416541,0.8307347678,0.8195122929,0.8159327789,0.8159327789,0.8195122929,0.8307347678,0.8721416541,1.1262688825,0.7203840597,0.1666007603,0.0297882184,-0.0263070707,-0.0755309747,-0.126733499,-0.1801353873,-0.2350958279,-0.2909621589,-0.3471682069,-0.4032489786,-0.4588381689,-0.5136582304,-0.5675071846,-0.6202448452,-0.6717800078,-0.7220593416,-0.7710581851,-0.8187731578,-0.8652163612],[-0.8539019819,-0.8066457461,-0.7580396562,-0.7080643487,-0.656716074,-0.6040130118,-0.5500034388,-0.4947760516,-0.4384726026,-0.3813026564,-0.3235596285,-0.2656362178,-0.2080358309,-0.1513734816,-0.0963356319,-0.0432625179,0.0127113648,0.1320083187,0.7203840597,1.0118854429,0.8398640061,0.8159327789,0.8087538705,0.8052087965,0.8035575068,0.8035575068,0.8052087965,0.8087538705,0.8159327789,0.8398640061,1.0118854429,0.7203840597,0.1320083187,0.0127113648,-0.0432625179,-0.0963356319,-0.1513734816,-0.2080358309,-0.2656362178,-0.3235596285,-0.3813026564,-0.4384726026,-0.4947760516,-0.5500034388,-0.6040130118,-0.656716074,-0.7080643487,-0.7580396562,-0.8066457461,-0.8539019819],[-0.8443259738,-0.7963710546,-0.7469978061,-0.6961803234,-0.6439084274,-0.5901944675,-0.5350822356,-0.4786583756,-0.4210665154,-0.3625239468,-0.3033399036,-0.2439331834,-0.1848447596,-0.126733499,-0.0702535777,-0.0143934835,0.0661244493,0.4366738682,1.1262688825,0.8398640061,0.8131099502,0.8052087965,0.8003267372,0.7970871924,0.7954446331,0.7954446331,0.7970871924,0.8003267372,0.8052087965,0.8131099502,0.8398640061,1.1262688825,0.4366738682,0.0661244493,-0.0143934835,-0.0702535777,-0.126733499,-0.1848447596,-0.2439331834,-0.3033399036,-0.3625239468,-0.4210665154,-0.4786583756,-0.5350822356,-0.5901944675,-0.6439084274,-0.6961803234,-0.7469978061,-0.7963710546,-0.8443259738],[-0.8365660463,-0.7880377669,-0.7380340276,-0.6865233505,-0.6334900776,-0.5789416072,-0.5229179818,-0.4655042856,-0.4068461493,-0.3471682069,-0.2867944386,-0.2261677723,-0.1658633045,-0.106571565,-0.0487591633,0.0127113648,0.1666007603,1.3188255383,0.8721416541,0.8159327789,0.8052087965,0.7987128519,0.7937820765,0.7903904449,0.788659767,0.788659767,0.7903904449,0.7937820765,0.7987128519,0.8052087965,0.8159327789,0.8721416541,1.3188255383,0.1666007603,0.0127113648,-0.0487591633,-0.106571565,-0.1658633045,-0.2261677723,-0.2867944386,-0.3471682069,-0.4068461493,-0.4655042856,-0.5229179818,-0.5789416072,-0.6334900776,-0.6865233505,-0.7380340276,-0.7880377669,-0.8365660463],[-0.8306869905,-0.7817200069,-0.7312332844,-0.6791909581,-0.6255730573,-0.5703830992,-0.5136582304,-0.4554824481,-0.3960032535,-0.3354515989,-0.2741639653,-0.2126035764,-0.1513734816,-0.0911773684,-0.0320536121,0.0400187214,0.3419206183,1.1262688825,0.8307347678,0.8087538705,0.8003267372,0.7937820765,0.788659767,0.785127239,0.7833253262,0.7833253262,0.785127239,0.788659767,0.7937820765,0.8003267372,0.8087538705,0.8307347678,1.1262688825,0.3419206183,0.0400187214,-0.0320536121,-0.0911773684,-0.1513734816,-0.2126035764,-0.2741639653,-0.3354515989,-0.3960032535,-0.4554824481,-0.5136582304,-0.5703830992,-0.6255730573,-0.6791909581,-0.7312332844,-0.7817200069,-0.8306869905],[-0.8267389987,-0.7774753082,-0.7266616559,-0.6742591498,-0.6202448452,-0.5646195911,-0.5074185698,-0.4487251077,-0.3886881591,-0.3275433322,-0.2656362178,-0.2034447318,-0.1415915037,-0.0807762524,-0.0204324824,0.0661244493,0.5591018356,0.9438638719,0.8195122929,0.8052087965,0.7970871924,0.7903904449,0.785127239,0.7814997521,0.7796506625,0.7796506625,0.7814997521,0.785127239,0.7903904449,0.7970871924,0.8052087965,0.8195122929,0.9438638719,0.5591018356,0.0661244493,-0.0204324824,-0.0807762524,-0.1415915037,-0.2034447318,-0.2656362178,-0.3275433322,-0.3886881591,-0.4487251077,-0.5074185698,-0.5646195911,-0.6202448452,-0.6742591498,-0.7266616559,-0.7774753082,-0.8267389987],[-0.8247563199,-0.7753429837,-0.7243643587,-0.6717800078,-0.6175654691,-0.5617202338,-0.5042784924,-0.445323256,-0.3850042742,-0.3235596285,-0.2613397174,-0.198830175,-0.1366636144,-0.0755309747,-0.0143934835,0.0834183703,0.7203840597,0.9006173434,0.8159327789,0.8035575068,0.7954446331,0.788659767,0.7833253262,0.7796506625,0.7777782405,0.7777782405,0.7796506625,0.7833253262,0.788659767,0.7954446331,0.8035575068,0.8159327789,0.9006173434,0.7203840597,0.0834183703,-0.0143934835,-0.0755309747,-0.1366636144,-0.198830175,-0.2613397174,-0.3235596285,-0.3850042742,-0.445323256,-0.5042784924,-0.5617202338,-0.6175654691,-0.6717800078,-0.7243643587,-0.7753429837,-0.8247563199],[-0.8247563199,-0.7753429837,-0.7243643587,-0.6717800078,-0.6175654691,-0.5617202338,-0.5042784924,-0.445323256,-0.3850042742,-0.3235596285,-0.2613397174,-0.198830175,-0.1366636144,-0.0755309747,-0.0143934835,0.0834183703,0.7203840597,0.9006173434,0.8159327789,0.8035575068,0.7954446331,0.788659767,0.7833253262,0.7796506625,0.7777782405,0.7777782405,0.7796506625,0.7833253262,0.788659767,0.7954446331,0.8035575068,0.8159327789,0.9006173434,0.7203840597,0.0834183703,-0.0143934835,-0.0755309747,-0.1366636144,-0.198830175,-0.2613397174,-0.3235596285,-0.3850042742,-0.445323256,-0.5042784924,-0.5617202338,-0.6175654691,-0.6717800078,-0.7243643587,-0.7753429837,-0.8247563199],[-0.8267389987,-0.7774753082,-0.7266616559,-0.6742591498,-0.6202448452,-0.5646195911,-0.5074185698,-0.4487251077,-0.3886881591,-0.3275433322,-0.2656362178,-0.2034447318,-0.1415915037,-0.0807762524,-0.0204324824,0.0661244493,0.5591018356,0.9438638719,0.8195122929,0.8052087965,0.7970871924,0.7903904449,0.785127239,0.7814997521,0.7796506625,0.7796506625,0.7814997521,0.785127239,0.7903904449,0.7970871924,0.8052087965,0.8195122929,0.9438638719,0.5591018356,0.0661244493,-0.0204324824,-0.0807762524,-0.1415915037,-0.2034447318,-0.2656362178,-0.3275433322,-0.3886881591,-0.4487251077,-0.5074185698,-0.5646195911,-0.6202448452,-0.6742591498,-0.7266616559,-0.7774753082,-0.8267389987],[-0.8306869905,-0.7817200069,-0.7312332844,-0.6791909581,-0.6255730573,-0.5703830992,-0.5136582304,-0.4554824481,-0.3960032535,-0.3354515989,-0.2741639653,-0.2126035764,-0.1513734816,-0.0911773684,-0.0320536121,0.0400187214,0.3419206183,1.1262688825,0.8307347678,0.8087538705,0.8003267372,0.7937820765,0.788659767,0.785127239,0.7833253262,0.7833253262,0.785127239,0.788659767,0.7937820765,0.8003267372,0.8087538705,0.8307347678,1.1262688825,0.3419206183,0.0400187214,-0.0320536121,-0.0911773684,-0.1513734816,-0.2126035764,-0.2741639653,-0.3354515989,-0.3960032535,-0.4554824481,-0.5136582304,-0.5703830992,-0.6255730573,-0.6791909581,-0.7312332844,-0.7817200069,-0.8306869905],[-0.8365660463,-0.7880377669,-0.7380340276,-0.6865233505,-0.6334900776,-0.5789416072,-0.5229179818,-0.4655042856,-0.4068461493,-0.3471682069,-0.2867944386,-0.2261677723,-0.1658633045,-0.106571565,-0.0487591633,0.0127113648,0.1666007603,1.3188255383,0.8721416541,0.8159327789,0.8052087965,0.7987128519,0.7937820765,0.7903904449,0.788659767,0.788659767,0.7903904449,0.7937820765,0.7987128519,0.8052087965,0.8159327789,0.8721416541,1.3188255383,0.1666007603,0.0127113648,-0.0487591633,-0.106571565,-0.1658633045,-0.2261677723,-0.2867944386,-0.3471682069,-0.4068461493,-0.4655042856,-0.5229179818,-0.5789416072,-0.6334900776,-0.6865233505,-0.7380340276,-0.7880377669,-0.8365660463],[-0.8443259738,-0.7963710546,-0.7469978061,-0.6961803234,-0.6439084274,-0.5901944675,-0.5350822356,-0.4786583756,-0.4210665154,-0.3625239468,-0.3033399036,-0.2439331834,-0.1848447596,-0.126733499,-0.0702535777,-0.0143934835,0.0661244493,0.4366738682,1.1262688825,0.8398640061,0.8131099502,0.8052087965,0.8003267372,0.7970871924,0.7954446331,0.7954446331,0.7970871924,0.8003267372,0.8052087965,0.8131099502,0.8398640061,1.1262688825,0.4366738682,0.0661244493,-0.0143934835,-0.0702535777,-0.126733499,-0.1848447596,-0.2439331834,-0.3033399036,-0.3625239468,-0.4210665154,-0.4786583756,-0.5350822356,-0.5901944675,-0.6439084274,-0.6961803234,-0.7469978061,-0.7963710546,-0.8443259738],[-0.8539019819,-0.8066457461,-0.7580396562,-0.7080643487,-0.656716074,-0.6040130118,-0.5500034388,-0.4947760516,-0.4384726026,-0.3813026564,-0.3235596285,-0.2656362178,-0.2080358309,-0.1513734816,-0.0963356319,-0.0432625179,0.0127113648,0.1320083187,0.7203840597,1.0118854429,0.8398640061,0.8159327789,0.8087538705,0.8052087965,0.8035575068,0.8035575068,0.8052087965,0.8087538705,0.8159327789,0.8398640061,1.0118854429,0.7203840597,0.1320083187,0.0127113648,-0.0432625179,-0.0963356319,-0.1513734816,-0.2080358309,-0.2656362178,-0.3235596285,-0.3813026564,-0.4384726026,-0.4947760516,-0.5500034388,-0.6040130118,-0.656716074,-0.7080643487,-0.7580396562,-0.8066457461,-0.8539019819],[-0.8652163612,-0.8187731578,-0.7710581851,-0.7220593416,-0.6717800078,-0.6202448452,-0.5675071846,-0.5136582304,-0.4588381689,-0.4032489786,-0.3471682069,-0.2909621589,-0.2350958279,-0.1801353873,-0.126733499,-0.0755309747,-0.0263070707,0.0297882184,0.1666007603,0.7203840597,1.1262688825,0.8721416541,0.8307347678,0.8195122929,0.8159327789,0.8159327789,0.8195122929,0.8307347678,0.8721416541,1.1262688825,0.7203840597,0.1666007603,0.0297882184,-0.0263070707,-0.0755309747,-0.126733499,-0.1801353873,-0.2350958279,-0.2909621589,-0.3471682069,-0.4032489786,-0.4588381689,-0.5136582304,-0.5675071846,-0.6202448452,-0.6717800078,-0.7220593416,-0.7710581851,-0.8187731578,-0.8652163612],[-0.8781804128,-0.8326523681,-0.785938367,-0.7380340276,-0.6889502909,-0.6387186958,-0.5873979904,-0.5350822356,-0.4819104323,-0.4280774608,-0.3738456951,-0.3195560278,-0.2656362178,-0.2126035764,-0.1610576688,-0.1116502852,-0.0649415973,-0.0204324824,0.0297882184,0.1320083187,0.4366738682,1.3188255383,1.1262688825,0.9438638719,0.9006173434,0.9006173434,0.9438638719,1.1262688825,1.3188255383,0.4366738682,0.1320083187,0.0297882184,-0.0204324824,-0.0649415973,-0.1116502852,-0.1610576688,-0.2126035764,-0.2656362178,-0.3195560278,-0.3738456951,-0.4280774608,-0.4819104323,-0.5350822356,-0.5873979904,-0.6387186958,-0.6889502909,-0.7380340276,-0.785938367,-0.8326523681,-0.8781804128],[-0.8926965368,-0.8481727162,-0.8025545363,-0.755845528,-0.7080643487,-0.6592495425,-0.6094654018,-0.5588090267,-0.5074185698,-0.4554824481,-0.4032489786,-0.3510354127,-0.2992347552,-0.2483181518,-0.198830175,-0.1513734816,-0.106571565,-0.0649415973,-0.0263070707,0.0127113648,0.0661244493,0.1666007603,0.3419206183,0.5591018356,0.7203840597,0.7203840597,0.5591018356,0.3419206183,0.1666007603,0.0661244493,0.0127113648,-0.0263070707,-0.0649415973,-0.106571565,-0.1513734816,-0.198830175,-0.2483181518,-0.2992347552,-0.3510354127,-0.4032489786,-0.4554824481,-0.5074185698,-0.5588090267,-0.6094654018,-0.6592495425,-0.7080643487,-0.755845528,-0.8025545363,-0.8481727162,-0.8926965368],[-0.9086603851,-0.8652163612,-0.8207734325,-0.7753429837,-0.7289512818,-0.6816437408,-0.6334900776,-0.5845904079,-0.5350822356,-0.4851481211,-0.4350235635,-0.3850042742,-0.3354515989,-0.2867944386,-0.239525783,-0.1941920592,-0.1513734816,-0.1116502852,-0.0755309747,-0.0432625179,-0.0143934835,0.0127113648,0.0400187214,0.0661244493,0.0834183703,0.0834183703,0.0661244493,0.0400187214,0.0127113648,-0.0143934835,-0.0432625179,-0.0755309747,-0.1116502852,-0.1513734816,-0.1941920592,-0.239525783,-0.2867944386,-0.3354515989,-0.3850042742,-0.4350235635,-0.4851481211,-0.5350822356,-0.5845904079,-0.6334900776,-0.6816437408,-0.7289512818,-0.7753429837,-0.8207734325,-0.8652163612,-0.9086603851],[-0.9259629938,-0.883660796,-0.8404571654,-0.7963710546,-0.7514359961,-0.7057038969,-0.6592495425,-0.6121758198,-0.5646195911,-0.5167580139,-0.4688149082,-0.4210665154,-0.3738456951,-0.3275433322,-0.2826055893,-0.239525783,-0.198830175,-0.1610576688,-0.126733499,-0.0963356319,-0.0702535777,-0.0487591633,-0.0320536121,-0.0204324824,-0.0143934835,-0.0143934835,-0.0204324824,-0.0320536121,-0.0487591633,-0.0702535777,-0.0963356319,-0.126733499,-0.1610576688,-0.198830175,-0.239525783,-0.2826055893,-0.3275433322,-0.3738456951,-0.4210665154,-0.4688149082,-0.5167580139,-0.5646195911,-0.6121758198,-0.6592495425,-0.7057038969,-0.7514359961,-0.7963710546,-0.8404571654,-0.883660796,-0.9259629938],[-0.9444928192,-0.9033812235,-0.8614659886,-0.8187731578,-0.7753429837,-0.7312332844,-0.6865233505,-0.6413183891,-0.5957544208,-0.5500034388,-0.5042784924,-0.4588381689,-0.4139897438,-0.3700900866,-0.3275433322,-0.2867944386,-0.2483181518,-0.2126035764,-0.1801353873,-0.1513734816,-0.126733499,-0.106571565,-0.0911773684,-0.0807762524,-0.0755309747,-0.0755309747,-0.0807762524,-0.0911773684,-0.106571565,-0.126733499,-0.1513734816,-0.1801353873,-0.2126035764,-0.2483181518,-0.2867944386,-0.3275433322,-0.3700900866,-0.4139897438,-0.4588381689,-0.5042784924,-0.5500034388,-0.5957544208,-0.6413183891,-0.6865233505,-0.7312332844,-0.7753429837,-0.8187731578,-0.8614659886,-0.9033812235,-0.9444928192],[-0.9641376154,-0.9242527214,-0.883660796,-0.842394343,-0.800499634,-0.7580396562,-0.715097479,-0.6717800078,-0.6282220343,-0.5845904079,-0.5410880422,-0.4979573361,-0.4554824481,-0.4139897438,-0.3738456951,-0.3354515989,-0.2992347552,-0.2656362178,-0.2350958279,-0.2080358309,-0.1848447596,-0.1658633045,-0.1513734816,-0.1415915037,-0.1366636144,-0.1366636144,-0.1415915037,-0.1513734816,-0.1658633045,-0.1848447596,-0.2080358309,-0.2350958279,-0.2656362178,-0.2992347552,-0.3354515989,-0.3738456951,-0.4139897438,-0.4554824481,-0.4979573361,-0.5410880422,-0.5845904079,-0.6282220343,-0.6717800078,-0.715097479,-0.7580396562,-0.800499634,-0.842394343,-0.883660796,-0.9242527214,-0.9641376154],[-0.9847861097,-0.9461521467,-0.9069052812,-0.8670837385,-0.8267389987,-0.785938367,-0.7447678537,-0.7033353213,-0.6617738041,-0.6202448452,-0.5789416072,-0.5380914209,-0.4979573361,-0.4588381689,-0.4210665154,-0.3850042742,-0.3510354127,-0.3195560278,-0.2909621589,-0.2656362178,-0.2439331834,-0.2261677723,-0.2126035764,-0.2034447318,-0.198830175,-0.198830175,-0.2034447318,-0.2126035764,-0.2261677723,-0.2439331834,-0.2656362178,-0.2909621589,-0.3195560278,-0.3510354127,-0.3850042742,-0.4210665154,-0.4588381689,-0.4979573361,-0.5380914209,-0.5789416072,-0.6202448452,-0.6617738041,-0.7033353213,-0.7447678537,-0.785938367,-0.8267389987,-0.8670837385,-0.9069052812,-0.9461521467,-0.9847861097],[-1.0063294449,-0.9689597462,-0.9310677299,-0.8926965368,-0.8539019819,-0.8147547787,-0.7753429837,-0.7357746102,-0.6961803234,-0.656716074,-0.6175654691,-0.5789416072,-0.5410880422,-0.5042784924,-0.4688149082,-0.4350235635,-0.4032489786,-0.3738456951,-0.3471682069,-0.3235596285,-0.3033399036,-0.2867944386,-0.2741639653,-0.2656362178,-0.2613397174,-0.2613397174,-0.2656362178,-0.2741639653,-0.2867944386,-0.3033399036,-0.3235596285,-0.3471682069,-0.3738456951,-0.4032489786,-0.4350235635,-0.4688149082,-0.5042784924,-0.5410880422,-0.5789416072,-0.6175654691,-0.656716074,-0.6961803234,-0.7357746102,-0.7753429837,-0.8147547787,-0.8539019819,-0.8926965368,-0.9310677299,-0.9689597462,-1.0063294449],[-1.0286623783,-0.9925604653,-0.9560224387,-0.9190955197,-0.8818389647,-0.8443259738,-0.8066457461,-0.7689056303,-0.7312332844,-0.6937787221,-0.656716074,-0.6202448452,-0.5845904079,-0.5500034388,-0.5167580139,-0.4851481211,-0.4554824481,-0.4280774608,-0.4032489786,-0.3813026564,-0.3625239468,-0.3471682069,-0.3354515989,-0.3275433322,-0.3235596285,-0.3235596285,-0.3275433322,-0.3354515989,-0.3471682069,-0.3625239468,-0.3813026564,-0.4032489786,-0.4280774608,-0.4554824481,-0.4851481211,-0.5167580139,-0.5500034388,-0.5845904079,-0.6202448452,-0.656716074,-0.6937787221,-0.7312332844,-0.7689056303,-0.8066457461,-0.8443259738,-0.8818389647,-0.9190955197,-0.9560224387,-0.9925604653,-1.0286623783],[-1.0516842339,-1.0168449575,-0.9816507714,-0.9461521467,-0.9104109036,-0.8745018336,-0.8385144101,-0.8025545363,-0.7667462508,-0.7312332844,-0.6961803234,-0.6617738041,-0.6282220343,-0.5957544208,-0.5646195911,-0.5350822356,-0.5074185698,-0.4819104323,-0.4588381689,-0.4384726026,-0.4210665154,-0.4068461493,-0.3960032535,-0.3886881591,-0.3850042742,-0.3850042742,-0.3886881591,-0.3960032535,-0.4068461493,-0.4210665154,-0.4384726026,-0.4588381689,-0.4819104323,-0.5074185698,-0.5350822356,-0.5646195911,-0.5957544208,-0.6282220343,-0.6617738041,-0.6961803234,-0.7312332844,-0.7667462508,-0.8025545363,-0.8385144101,-0.8745018336,-0.9104109036,-0.9461521467,-0.9816507714,-1.0168449575,-1.0516842339],[-1.0752996217,-1.0417103153,-1.0078418836,-0.9737472486,-0.9394899619,-0.9051455685,-0.8708030142,-0.8365660463,-0.8025545363,-0.7689056303,-0.7357746102,-0.7033353213,-0.6717800078,-0.6413183891,-0.6121758198,-0.5845904079,-0.5588090267,-0.5350822356,-0.5136582304,-0.4947760516,-0.4786583756,-0.4655042856,-0.4554824481,-0.4487251077,-0.445323256,-0.445323256,-0.4487251077,-0.4554824481,-0.4655042856,-0.4786583756,-0.4947760516,-0.5136582304,-0.5350822356,-0.5588090267,-0.5845904079,-0.6121758198,-0.6413183891,-0.6717800078,-0.7033353213,-0.7357746102,-0.7689056303,-0.8025545363,-0.8365660463,-0.8708030142,-0.9051455685,-0.9394899619,-0.9737472486,-1.0078418836,-1.0417103153,-1.0752996217],[-1.0994189394,-1.0670605466,-1.0344931511,-1.001771379,-0.9689597462,-0.9361337925,-0.9033812235,-0.8708030142,-0.8385144101,-0.8066457461,-0.7753429837,-0.7447678537,-0.715097479,-0.6865233505,-0.6592495425,-0.6334900776,-0.6094654018,-0.5873979904,-0.5675071846,-0.5500034388,-0.5350822356,-0.5229179818,-0.5136582304,-0.5074185698,-0.5042784924,-0.5042784924,-0.5074185698,-0.5136582304,-0.5229179818,-0.5350822356,-0.5500034388,-0.5675071846,-0.5873979904,-0.6094654018,-0.6334900776,-0.6592495425,-0.6865233505,-0.715097479,-0.7447678537,-0.7753429837,-0.8066457461,-0.8385144101,-0.8708030142,-0.9033812235,-0.9361337925,-0.9689597462,-1.001771379,-1.0344931511,-1.0670605466,-1.0994189394],[-1.1239586838,-1.092806832,-1.0615103474,-1.0301248795,-0.9987152215,-0.967356241,-0.9361337925,-0.9051455685,-0.8745018336,-0.8443259738,-0.8147547787,-0.785938367,-0.7580396562,-0.7312332844,-0.7057038969,-0.6816437408,-0.6592495425,-0.6387186958,-0.6202448452,-0.6040130118,-0.5901944675,-0.5789416072,-0.5703830992,-0.5646195911,-0.5617202338,-0.5617202338,-0.5646195911,-0.5703830992,-0.5789416072,-0.5901944675,-0.6040130118,-0.6202448452,-0.6387186958,-0.6592495425,-0.6816437408,-0.7057038969,-0.7312332844,-0.7580396562,-0.785938367,-0.8147547787,-0.8443259738,-0.8745018336,-0.9051455685,-0.9361337925,-0.967356241,-0.9987152215,-1.0301248795,-1.0615103474,-1.092806832,-1.1239586838],[-1.1488415946,-1.1188675948,-1.0888076137,-1.058717718,-1.0286623783,-0.9987152215,-0.9689597462,-0.9394899619,-0.9104109036,-0.8818389647,-0.8539019819,-0.8267389987,-0.800499634,-0.7753429837,-0.7514359961,-0.7289512818,-0.7080643487,-0.6889502909,-0.6717800078,-0.656716074,-0.6439084274,-0.6334900776,-0.6255730573,-0.6202448452,-0.6175654691,-0.6175654691,-0.6202448452,-0.6255730573,-0.6334900776,-0.6439084274,-0.656716074,-0.6717800078,-0.6889502909,-0.7080643487,-0.7289512818,-0.7514359961,-0.7753429837,-0.800499634,-0.8267389987,-0.8539019819,-0.8818389647,-0.9104109036,-0.9394899619,-0.9689597462,-0.9987152215,-1.0286623783,-1.058717718,-1.0888076137,-1.1188675948,-1.1488415946],[-1.1739966615,-1.1451684201,-1.1163072649,-1.0874691519,-1.058717718,-1.0301248795,-1.001771379,-0.9737472486,-0.9461521467,-0.9190955197,-0.8926965368,-0.8670837385,-0.842394343,-0.8187731578,-0.7963710546,-0.7753429837,-0.755845528,-0.7380340276,-0.7220593416,-0.7080643487,-0.6961803234,-0.6865233505,-0.6791909581,-0.6742591498,-0.6717800078,-0.6717800078,-0.6742591498,-0.6791909581,-0.6865233505,-0.6961803234,-0.7080643487,-0.7220593416,-0.7380340276,-0.755845528,-0.7753429837,-0.7963710546,-0.8187731578,-0.842394343,-0.8670837385,-0.8926965368,-0.9190955197,-0.9461521467,-0.9737472486,-1.001771379,-1.0301248795,-1.058717718,-1.0874691519,-1.1163072649,-1.1451684201,-1.1739966615],[-1.1993590184,-1.1716418548,-1.1439394718,-1.1163072649,-1.0888076137,-1.0615103474,-1.0344931511,-1.0078418836,-0.9816507714,-0.9560224387,-0.9310677299,-0.9069052812,-0.883660796,-0.8614659886,-0.8404571654,-0.8207734325,-0.8025545363,-0.785938367,-0.7710581851,-0.7580396562,-0.7469978061,-0.7380340276,-0.7312332844,-0.7266616559,-0.7243643587,-0.7243643587,-0.7266616559,-0.7312332844,-0.7380340276,-0.7469978061,-0.7580396562,-0.7710581851,-0.785938367,-0.8025545363,-0.8207734325,-0.8404571654,-0.8614659886,-0.883660796,-0.9069052812,-0.9310677299,-0.9560224387,-0.9816507714,-1.0078418836,-1.0344931511,-1.0615103474,-1.0888076137,-1.1163072649,-1.1439394718,-1.1716418548,-1.1993590184],[-1.2248697505,-1.1982271184,-1.1716418548,-1.1451684201,-1.1188675948,-1.092806832,-1.0670605466,-1.0417103153,-1.0168449575,-0.9925604653,-0.9689597462,-0.9461521467,-0.9242527214,-0.9033812235,-0.883660796,-0.8652163612,-0.8481727162,-0.8326523681,-0.8187731578,-0.8066457461,-0.7963710546,-0.7880377669,-0.7817200069,-0.7774753082,-0.7753429837,-0.7753429837,-0.7774753082,-0.7817200069,-0.7880377669,-0.7963710546,-0.8066457461,-0.8187731578,-0.8326523681,-0.8481727162,-0.8652163612,-0.883660796,-0.9033812235,-0.9242527214,-0.9461521467,-0.9689597462,-0.9925604653,-1.0168449575,-1.0417103153,-1.0670605466,-1.092806832,-1.1188675948,-1.1451684201,-1.1716418548,-1.1982271184,-1.2248697505],[-1.2504756368,-1.2248697505,-1.1993590184,-1.1739966615,-1.1488415946,-1.1239586838,-1.0994189394,-1.0752996217,-1.0516842339,-1.0286623783,-1.0063294449,-0.9847861097,-0.9641376154,-0.9444928192,-0.9259629938,-0.9086603851,-0.8926965368,-0.8781804128,-0.8652163612,-0.8539019819,-0.8443259738,-0.8365660464,-0.8306869905,-0.8267389987,-0.8247563199,-0.8247563199,-0.8267389987,-0.8306869905,-0.8365660464,-0.8443259738,-0.8539019819,-0.8652163612,-0.8781804128,-0.8926965368,-0.9086603851,-0.9259629938,-0.9444928192,-0.9641376154,-0.9847861097,-1.0063294449,-1.0286623783,-1.0516842339,-1.0752996217,-1.0994189394,-1.1239586838,-1.1488415946,-1.1739966615,-1.1993590184,-1.2248697505,-1.2504756368]]}